0 1
0 2
0 3
1 4
1 998
1 620
1 842
2 3
2 4
2 999
2 164
2 65
2 227
3 4
3 5
3 6
3 252
3 50
3 181
4 5
4 6
4 7
5 7
5 939
5 52
5 581
5 856
6 7
6 8
6 787
6 481
7 8
7 9
7 880
7 283
8 10
8 11
8 202
9 10
9 11
9 12
10 12
10 815
10 181
10 361
10 137
11 12
11 13
11 14
11 331
12 13
12 14
12 15
12 208
12 213
13 14
13 15
13 16
13 694
13 209
13 217
14 16
14 870
14 351
14 278
15 16
15 18
15 950
15 252
16 19
16 944
16 446
17 18
17 20
17 653
17 890
17 993
18 19
18 20
18 21
18 122
18 501
19 20
19 21
19 22
20 21
20 22
20 23
20 242
21 22
21 23
21 24
21 933
21 482
22 23
22 847
22 106
23 24
23 25
23 26
23 65
23 723
24 25
24 26
24 27
24 337
24 654
25 28
25 52
25 467
25 78
25 971
26 27
26 29
26 783
26 776
27 28
27 29
27 30
27 287
28 29
28 212
28 36
28 816
28 370
29 31
29 773
29 58
29 97
30 32
30 33
30 367
31 32
31 816
31 633
31 973
32 33
32 738
32 193
32 262
32 386
33 34
33 35
33 292
34 35
34 36
34 37
35 36
35 37
35 654
35 999
36 38
36 120
36 258
36 282
37 39
37 40
37 896
37 783
38 39
38 41
38 462
39 41
39 42
39 756
40 42
40 427
40 628
41 50
41 373
41 178
42 43
42 45
42 430
42 416
42 211
43 44
43 554
43 401
43 701
43 264
44 45
44 46
44 921
45 46
45 47
45 48
45 717
45 849
45 180
45 438
46 47
46 48
46 160
47 48
47 49
47 50
48 50
48 51
48 771
49 52
49 344
49 999
49 66
50 51
50 52
50 208
51 52
51 53
51 54
51 120
52 53
52 255
52 319
52 383
52 679
53 54
53 55
53 578
54 55
54 57
54 330
55 56
55 57
55 207
55 161
55 294
56 59
56 474
56 985
56 980
56 718
56 816
56 523
57 58
57 59
57 60
57 89
57 316
58 60
58 118
58 313
59 60
59 61
59 62
59 706
60 61
60 63
60 616
60 432
60 689
61 62
61 63
61 64
61 811
62 754
62 304
62 829
63 64
63 602
63 288
63 544
63 773
64 66
64 67
64 693
64 604
65 66
65 608
65 597
66 67
66 68
66 954
67 68
67 70
67 939
67 110
68 69
68 271
68 469
68 447
68 334
68 596
69 70
69 71
69 72
69 305
70 72
70 73
70 667
71 72
71 723
71 682
71 327
72 73
72 303
72 764
72 629
72 395
72 878
73 74
73 75
73 319
73 912
73 427
74 208
74 387
74 149
74 275
74 300
75 76
75 78
75 302
75 128
75 920
75 117
76 77
76 78
76 79
76 638
77 78
77 807
77 988
77 128
78 79
78 81
78 675
79 80
79 81
79 139
80 974
80 637
80 832
80 760
81 82
81 83
81 594
81 230
82 85
82 647
82 135
82 164
83 85
83 348
83 421
84 85
84 609
84 436
84 342
85 86
85 87
85 88
85 259
86 87
86 89
86 407
87 88
87 89
87 90
87 882
88 89
88 91
88 508
88 393
88 947
89 91
89 92
89 130
89 231
90 92
90 711
90 834
90 838
91 92
91 93
91 94
91 681
92 93
92 260
92 438
92 649
92 355
93 94
93 501
93 317
93 481
93 550
93 245
94 95
94 96
94 965
95 97
95 196
95 978
95 937
95 930
95 881
96 97
96 98
96 99
97 98
97 99
98 101
98 206
98 334
99 100
99 101
99 141
99 672
100 101
100 102
100 103
100 129
100 442
100 601
100 669
101 103
101 104
101 886
101 393
101 404
102 103
102 104
102 105
102 723
102 790
102 519
103 104
103 593
103 968
104 105
104 106
104 107
104 524
104 660
105 106
105 108
105 669
105 521
106 107
106 108
106 542
106 403
107 108
107 958
107 727
107 217
108 111
108 580
108 792
108 710
109 110
109 111
109 606
109 881
110 111
110 113
110 139
110 180
110 636
111 112
111 353
111 167
111 564
111 931
111 309
112 113
112 115
112 183
113 116
113 951
113 730
113 919
113 653
114 115
114 116
114 578
115 117
115 665
115 497
116 117
116 118
116 119
117 768
117 920
117 907
118 119
118 120
118 596
118 919
118 850
119 121
119 122
119 666
119 415
119 528
120 653
120 988
121 123
121 124
121 923
121 190
122 241
122 197
123 124
123 295
123 172
123 178
123 611
124 125
124 126
124 127
125 126
125 127
125 550
126 127
126 128
126 129
126 658
127 129
127 130
127 573
128 129
128 130
128 622
128 315
128 850
129 524
129 585
129 507
129 825
129 299
130 132
130 355
131 132
131 134
131 242
131 842
132 133
132 134
132 135
132 382
132 179
132 814
133 134
133 135
133 136
134 135
134 136
134 352
135 137
135 138
135 287
135 922
135 930
136 137
136 565
136 519
136 595
136 886
137 493
137 671
137 207
138 139
138 140
138 141
139 140
139 141
139 142
139 608
139 387
140 141
140 142
140 143
140 264
141 144
141 214
142 143
142 144
142 573
142 564
143 145
143 146
143 349
143 846
144 145
144 979
144 192
144 366
144 408
145 146
145 186
145 736
146 147
146 148
146 149
146 179
146 232
147 285
147 427
147 442
148 151
148 866
148 896
148 412
149 151
149 152
149 925
149 947
150 151
150 152
150 546
150 175
150 687
150 981
151 154
151 508
151 850
151 328
152 154
152 155
152 680
153 466
153 736
153 308
154 156
154 157
154 554
155 156
155 157
155 158
156 157
156 158
156 201
157 158
157 159
157 160
157 920
158 159
158 160
158 462
159 160
159 460
159 609
159 812
159 903
160 163
160 791
160 238
160 604
161 162
161 164
161 814
162 163
162 165
162 483
162 930
162 607
162 404
163 164
163 165
163 719
164 165
164 167
165 166
165 167
165 168
166 167
166 168
166 880
166 618
167 168
167 170
167 542
167 586
168 169
168 170
168 171
169 170
169 171
169 933
170 172
170 173
170 724
170 635
171 172
171 173
171 706
171 240
172 175
172 922
173 176
173 652
173 726
174 175
174 177
174 768
174 367
175 176
175 177
175 178
175 588
175 717
176 178
176 179
176 849
177 179
177 180
177 519
177 478
178 179
178 301
178 804
179 783
179 299
180 556
180 928
180 482
180 656
181 182
181 392
182 183
182 447
182 326
182 629
183 184
183 185
183 186
183 776
183 971
184 185
184 510
184 359
185 187
185 188
185 671
186 187
186 188
186 189
186 238
187 189
187 190
187 494
188 189
188 190
188 741
188 251
188 316
188 280
189 190
189 191
189 192
190 191
190 192
191 192
191 193
191 194
191 444
191 580
192 193
192 885
192 720
193 195
193 196
193 637
193 398
193 915
194 196
194 197
194 509
194 571
194 548
195 196
195 197
195 198
196 199
196 231
196 528
196 246
196 754
197 198
197 199
197 200
198 199
198 201
198 431
199 200
199 202
199 929
199 936
200 201
200 202
200 203
201 202
201 204
201 398
201 689
201 892
202 203
202 204
202 372
202 777
202 512
202 748
203 204
203 205
203 206
203 605
203 600
204 207
204 392
204 928
205 207
205 208
205 277
206 207
206 208
206 209
206 621
207 210
207 626
208 211
208 667
209 210
209 424
209 804
210 211
210 212
210 213
211 212
211 685
211 246
211 753
212 214
212 355
212 991
212 751
213 214
213 311
214 216
214 217
214 237
214 484
214 486
215 216
215 217
215 218
215 883
216 219
216 728
216 907
216 906
217 219
217 305
218 219
218 221
218 722
218 276
219 220
219 221
219 222
219 852
220 221
220 222
220 223
221 222
221 223
221 224
221 245
221 395
222 224
222 225
222 393
222 925
222 389
223 225
223 226
223 470
223 818
224 225
224 226
224 227
224 375
224 663
224 455
225 226
225 228
225 726
225 374
225 798
226 227
226 777
226 297
227 228
227 229
228 229
228 230
228 231
229 231
229 232
229 659
230 232
230 233
230 723
230 240
231 703
231 862
231 514
231 459
231 387
232 233
232 737
232 870
233 234
233 236
233 760
233 273
234 235
234 236
234 237
234 845
235 236
235 237
235 494
235 677
235 989
235 242
236 237
236 239
236 940
237 238
237 240
237 335
237 941
237 879
237 934
238 240
239 240
239 242
239 684
239 406
239 489
240 241
240 243
240 868
241 837
241 665
241 900
242 243
242 245
242 900
243 244
243 589
243 579
243 726
244 247
244 984
244 932
244 816
245 941
246 248
246 249
246 995
246 418
246 828
247 250
247 793
247 280
248 250
248 251
248 748
249 250
249 251
249 252
250 251
250 253
250 392
251 252
251 627
252 253
252 255
252 642
253 254
253 255
253 256
253 863
254 255
254 256
254 257
254 415
254 828
255 258
255 458
255 837
256 258
256 760
256 261
257 259
257 853
257 554
258 259
258 260
258 261
259 260
259 261
259 664
259 964
260 261
260 262
260 277
260 816
261 262
261 263
261 777
262 263
262 418
262 322
263 266
263 727
263 293
263 778
264 267
264 593
264 611
265 266
265 267
265 654
265 797
265 673
266 267
266 268
266 269
266 343
267 269
267 752
267 644
267 745
268 269
268 270
268 271
268 472
268 448
269 270
269 271
269 272
270 271
270 273
270 669
270 753
271 273
271 996
271 929
272 273
272 274
272 275
272 306
273 274
273 275
273 276
274 276
274 277
274 340
274 409
275 276
275 277
275 734
276 277
276 278
276 480
277 278
277 280
278 281
278 881
278 857
278 358
279 280
279 281
279 752
279 305
280 281
280 282
280 283
280 380
280 735
281 282
281 283
281 284
282 284
282 396
282 696
283 284
283 285
283 286
283 972
284 285
284 287
284 765
285 287
285 518
285 684
285 608
285 727
285 698
286 289
286 487
286 394
287 288
287 432
288 289
288 291
289 290
289 291
289 292
289 387
289 730
290 291
290 293
290 585
290 692
291 292
291 294
291 310
292 293
292 294
292 392
293 295
293 846
293 729
293 627
293 329
293 679
293 848
294 295
294 297
294 633
295 296
295 679
295 965
295 777
296 299
296 642
296 768
297 299
297 534
297 471
297 637
298 299
298 300
298 642
298 702
298 970
298 694
298 821
299 300
299 610
299 414
300 301
300 302
301 304
301 863
302 304
302 305
302 958
302 576
302 399
302 941
303 305
303 306
304 305
304 306
304 307
304 800
305 306
305 308
305 569
306 438
306 394
307 308
307 309
307 310
307 452
308 309
308 310
308 311
309 310
309 311
309 784
310 313
310 547
310 539
311 313
311 314
311 393
311 705
311 935
312 313
312 315
312 584
313 316
313 806
313 360
313 459
313 896
313 356
314 315
314 316
314 942
314 762
315 316
315 365
316 319
317 318
317 320
318 320
318 321
318 988
319 322
320 322
320 323
320 952
321 324
321 462
321 695
322 323
322 368
322 780
323 324
323 326
323 365
323 888
324 325
324 326
324 327
325 326
325 328
325 990
325 699
325 818
326 328
326 329
326 843
327 328
327 329
327 330
328 329
328 754
328 566
328 652
329 499
329 645
330 331
330 332
330 605
331 333
331 334
332 333
332 854
332 719
332 740
332 384
333 334
333 335
333 336
334 335
334 336
335 337
335 381
335 810
336 337
336 338
336 339
336 428
337 338
337 339
337 770
338 339
338 340
338 341
339 340
339 342
339 507
339 995
340 341
340 342
340 685
340 431
341 342
341 343
341 344
341 982
341 802
342 343
342 344
343 345
343 873
343 988
344 345
344 347
344 900
344 654
344 449
344 556
345 346
345 347
345 348
346 348
346 349
346 661
346 399
346 527
346 942
347 348
347 349
347 664
348 349
348 350
348 351
348 429
348 597
349 351
349 352
349 756
349 602
350 351
350 352
350 353
351 354
351 747
352 353
352 354
352 355
353 354
353 417
353 460
354 355
354 443
354 683
355 356
355 414
355 803
355 812
356 357
356 358
357 358
357 359
357 360
357 467
357 618
358 360
358 583
358 756
358 416
359 360
359 362
359 697
360 362
360 363
361 364
361 800
361 922
362 363
362 364
362 365
362 497
363 364
363 481
363 416
364 757
364 507
364 391
364 616
364 589
365 366
365 367
365 627
365 438
366 367
366 369
366 629
367 368
367 370
367 911
367 791
367 984
368 369
368 371
368 836
368 861
368 903
368 699
369 370
369 371
369 372
369 382
370 371
370 897
370 662
371 372
371 374
371 802
371 732
372 374
372 375
373 374
373 375
373 376
374 375
374 377
374 911
375 378
375 988
376 378
376 379
376 467
377 379
377 380
377 916
378 381
378 737
378 701
378 526
378 623
379 380
379 487
379 725
380 383
380 954
380 752
381 382
381 383
381 665
382 385
383 386
383 588
383 999
384 385
384 386
384 387
384 829
385 386
385 387
385 388
386 387
386 390
386 571
387 388
387 882
387 708
388 389
388 391
388 690
389 390
389 391
390 391
390 393
390 416
391 392
391 660
391 863
392 394
392 625
392 814
393 395
393 396
393 637
394 395
394 396
394 541
395 396
395 477
396 397
396 398
396 399
396 832
397 398
397 400
397 936
397 851
398 413
398 935
398 432
399 401
399 646
400 401
400 403
400 544
400 834
401 402
401 404
402 403
402 442
402 578
402 679
403 404
403 405
403 806
403 955
404 407
405 407
405 408
405 740
406 409
406 537
407 408
407 409
407 410
407 666
407 417
408 410
408 509
409 411
409 716
410 411
410 412
410 413
411 412
411 413
411 414
411 584
412 413
412 414
412 949
413 706
413 921
414 416
414 417
415 417
415 741
416 417
416 834
417 418
417 419
417 811
417 872
418 420
418 421
419 420
419 421
419 422
420 421
420 423
420 750
420 930
420 953
421 422
421 424
421 687
422 423
422 424
422 672
423 425
423 426
423 986
424 425
424 709
424 740
425 426
425 427
425 488
426 427
426 428
426 788
426 571
427 428
427 429
428 429
428 430
429 432
429 571
429 681
429 888
429 562
430 432
430 433
430 871
431 432
431 433
431 434
432 433
433 434
433 435
433 539
433 591
433 595
434 436
434 437
434 836
434 603
434 630
434 920
435 436
435 437
435 438
436 438
436 439
436 910
437 438
437 439
437 440
437 511
438 439
439 442
439 569
439 775
439 618
439 457
440 441
440 442
440 501
440 595
441 442
441 443
441 444
441 481
442 443
442 445
443 444
443 715
443 861
444 445
444 447
445 446
445 447
445 448
445 926
445 618
445 681
446 447
446 448
446 449
446 744
446 783
447 449
447 450
447 983
448 451
448 547
448 956
449 450
449 452
450 451
450 452
450 453
450 510
451 453
451 454
451 623
451 537
451 511
451 705
452 453
452 454
452 506
453 455
453 456
453 923
453 869
453 967
453 718
454 455
454 456
454 457
455 456
455 458
456 457
456 458
456 459
456 966
456 494
457 458
457 877
457 464
458 460
458 461
458 501
459 673
460 461
460 462
460 938
460 894
461 462
461 463
461 464
461 833
462 464
462 465
462 513
463 464
463 465
463 466
463 991
464 465
464 466
464 467
464 567
464 784
465 467
465 468
465 592
466 468
466 469
466 688
467 470
467 872
468 470
468 743
468 903
468 551
468 605
469 470
469 471
469 472
470 472
470 473
470 616
471 474
471 644
471 988
472 474
472 475
472 537
473 474
473 475
473 476
474 475
474 476
474 477
475 477
475 478
475 737
476 479
476 902
476 987
477 478
477 480
477 990
478 479
478 480
478 732
479 480
479 481
479 482
479 703
480 481
480 482
480 483
481 482
481 738
482 822
483 486
483 916
484 487
484 796
484 575
485 486
485 487
485 488
485 936
486 487
486 759
487 488
487 489
487 490
488 489
488 490
488 491
488 761
489 490
489 491
489 646
490 492
490 493
490 516
490 937
490 804
490 840
491 492
491 493
491 494
491 944
492 494
492 861
492 856
492 994
492 591
493 494
493 495
493 496
494 497
494 518
495 498
495 652
495 853
496 498
496 499
496 900
497 498
497 671
498 499
498 980
498 651
498 736
498 943
499 500
499 501
499 516
500 501
500 502
500 503
501 547
501 617
502 503
502 504
502 505
502 514
503 504
503 505
503 506
503 771
504 505
504 506
504 931
504 892
505 507
505 978
505 757
505 772
506 507
506 989
507 510
507 722
508 510
508 511
509 510
509 511
509 512
510 511
510 917
510 584
510 588
510 612
511 514
511 580
512 515
512 922
513 515
513 516
513 908
514 515
514 517
515 517
515 853
515 972
515 595
516 517
516 927
516 539
517 518
517 519
517 785
517 686
517 939
517 828
518 519
518 991
518 707
518 796
519 520
519 521
520 521
520 522
520 523
520 952
521 522
521 524
522 854
522 661
522 578
523 525
523 908
524 525
524 527
525 526
525 527
525 987
526 527
526 528
526 529
526 659
527 529
527 535
528 530
529 530
529 531
529 909
530 531
530 532
530 533
530 573
531 532
531 533
531 534
531 721
531 617
532 533
532 534
532 950
532 594
533 534
533 536
533 952
533 929
534 535
534 536
534 537
534 744
535 536
535 538
535 633
535 607
536 538
536 784
536 668
537 539
537 560
538 539
538 541
538 571
539 542
539 842
539 747
540 541
540 542
540 555
541 543
541 544
541 855
542 544
542 545
543 544
543 545
543 546
543 830
544 546
544 547
544 683
545 546
545 548
545 816
546 548
546 952
546 591
547 548
547 549
547 962
548 549
548 550
549 551
549 552
549 905
550 551
550 552
550 780
550 685
551 553
551 554
551 648
551 645
552 554
552 555
552 626
553 554
553 555
553 556
553 586
554 555
554 557
554 877
555 556
555 558
555 760
556 557
556 559
556 716
557 558
557 559
557 560
557 801
558 560
558 817
558 704
559 560
559 561
559 562
559 779
559 645
559 931
560 561
560 843
561 562
561 563
561 564
561 719
561 818
562 563
562 564
563 565
563 566
563 979
564 565
565 567
565 568
566 567
566 568
567 569
567 791
568 978
568 674
568 781
568 597
569 571
569 572
569 649
570 572
570 660
570 879
571 573
572 574
572 575
572 801
572 795
573 574
573 575
574 576
574 577
574 777
575 576
575 577
575 838
575 789
576 577
576 579
576 779
577 579
577 580
577 748
577 655
578 581
578 897
578 720
579 580
579 581
579 977
580 705
581 583
581 584
581 649
581 762
582 583
582 584
582 585
582 630
583 584
583 585
583 586
584 587
584 591
585 587
585 588
586 587
586 724
587 588
587 590
587 984
588 589
588 673
589 590
589 591
589 592
589 670
589 676
590 591
590 593
590 949
592 593
592 594
592 595
592 831
593 594
593 595
593 596
593 955
594 595
594 597
594 878
595 596
596 735
596 644
596 985
597 598
598 599
598 600
598 601
599 600
599 601
599 602
600 601
600 603
601 602
601 603
602 603
602 607
603 605
603 971
603 688
604 606
604 809
605 607
605 610
606 608
606 609
607 609
607 610
607 704
608 611
609 610
609 612
610 885
611 612
611 613
612 883
612 763
613 614
613 615
613 616
613 916
614 615
614 616
614 617
615 617
615 618
615 752
615 619
616 803
617 618
618 620
619 621
619 938
619 707
620 621
620 623
620 737
620 860
621 623
621 709
622 624
622 625
623 624
623 625
624 625
624 627
624 874
624 791
625 628
625 736
626 627
626 628
627 629
627 630
627 802
628 629
628 630
628 631
628 774
629 630
629 631
630 631
630 827
631 632
631 633
631 634
632 633
632 637
632 762
633 837
633 905
633 967
634 635
634 673
634 766
635 637
635 638
636 637
636 638
637 638
637 639
638 640
638 670
638 751
639 640
639 641
639 642
640 641
640 642
640 643
640 746
641 642
641 643
641 644
642 645
643 645
643 646
643 873
643 693
644 816
644 980
645 956
646 648
646 858
647 649
647 650
647 819
648 651
648 942
648 713
648 876
649 652
650 651
650 652
650 653
650 696
651 654
651 802
651 809
652 653
652 654
653 656
655 656
655 657
655 716
656 850
656 887
657 660
657 679
657 719
658 660
658 661
658 878
658 860
659 661
659 662
659 727
660 661
660 662
661 662
661 664
661 922
662 663
662 664
662 665
663 666
663 839
663 776
663 865
664 666
664 667
665 667
665 668
665 705
665 726
666 667
666 669
666 869
667 670
667 951
667 913
668 669
668 670
668 671
669 670
669 671
670 671
670 961
671 672
671 673
671 674
672 673
672 674
672 675
673 674
673 675
673 988
674 675
674 676
674 677
674 838
674 844
675 677
675 678
676 677
676 679
677 678
677 680
678 679
678 680
678 681
679 680
679 681
680 681
680 682
680 683
682 683
682 685
683 684
683 686
684 686
684 687
685 688
686 687
686 689
687 688
687 689
687 864
688 689
688 809
688 998
689 691
689 864
690 691
690 692
690 693
690 904
690 777
691 692
691 693
691 694
692 693
692 694
693 694
693 695
694 696
694 721
695 696
695 960
695 830
695 888
696 699
697 698
697 699
697 700
698 699
698 815
699 700
699 898
700 701
700 702
700 703
701 704
702 703
702 705
703 706
704 706
704 707
704 850
705 708
705 874
706 709
706 795
707 708
707 709
708 709
708 710
708 976
709 712
709 733
710 712
710 896
710 848
710 819
710 949
711 712
711 713
711 714
712 713
712 714
712 715
712 793
713 714
713 715
713 891
714 715
714 716
714 717
715 716
715 718
715 860
716 718
716 931
717 718
717 898
717 780
718 719
719 721
719 722
719 788
720 722
720 724
721 723
721 724
722 743
723 725
724 727
725 726
725 728
725 894
725 781
726 727
727 728
728 729
728 730
728 731
729 731
729 732
730 732
730 743
731 733
731 734
731 793
732 733
732 858
733 735
733 736
733 762
734 735
734 736
735 738
735 881
735 742
736 737
736 739
737 738
737 739
737 740
738 741
739 740
739 741
739 742
740 741
740 743
741 783
742 743
742 843
742 887
743 745
743 746
744 747
745 746
745 747
746 748
746 749
747 748
747 749
747 829
748 849
748 935
748 749
748 997
749 751
749 752
749 859
750 752
750 999
751 752
751 753
752 754
753 754
754 757
754 849
754 945
755 756
755 757
755 758
756 757
756 878
757 760
757 965
757 880
758 760
758 761
758 843
758 939
759 761
759 762
759 764
760 762
761 762
761 763
762 763
762 764
763 764
763 765
763 766
764 765
764 766
764 812
765 766
765 767
765 768
766 767
766 768
766 769
767 768
767 769
767 770
768 770
768 771
769 770
769 771
769 772
770 771
770 773
771 772
771 773
772 773
772 774
772 775
772 995
773 774
773 924
773 817
774 776
774 885
775 777
775 778
778 779
778 780
778 911
779 781
779 930
780 854
781 782
781 873
781 836
782 783
782 784
782 785
783 786
784 785
785 848
785 974
786 787
786 788
786 789
786 815
787 788
787 790
788 789
789 790
789 792
790 791
790 793
790 812
790 986
791 792
791 794
792 794
792 908
793 794
793 796
794 795
794 880
794 883
794 946
795 797
796 797
796 798
797 798
797 799
797 800
798 799
798 800
798 968
799 800
799 801
799 802
799 849
800 801
800 802
801 802
801 804
802 804
802 863
803 804
803 913
804 805
804 807
805 806
805 940
805 814
806 808
806 809
806 830
807 809
807 810
808 810
808 973
808 923
809 810
809 811
810 811
810 812
810 813
811 812
812 815
813 814
813 815
813 816
814 817
815 816
815 892
816 817
816 994
817 818
817 820
819 820
819 946
820 821
820 822
820 823
821 822
821 823
822 823
822 824
822 825
823 824
823 825
823 826
824 825
824 826
824 827
825 826
825 828
826 827
826 828
826 829
827 828
827 829
829 831
830 924
831 832
831 834
832 833
832 834
833 834
833 835
833 848
834 836
834 983
835 836
835 837
835 838
835 925
836 838
836 839
836 972
837 839
837 840
838 881
838 868
838 907
839 840
839 841
839 887
839 888
840 843
840 893
841 842
841 843
841 844
842 843
842 845
843 844
843 845
843 846
844 845
844 846
845 847
845 848
846 848
846 866
847 848
847 849
847 850
848 850
849 850
850 852
850 915
850 918
851 852
851 853
852 853
852 854
853 854
853 855
853 856
854 856
854 857
855 856
855 857
855 858
856 857
857 858
857 859
857 860
858 861
859 860
859 861
859 862
859 910
860 861
860 981
861 863
861 939
862 864
862 865
863 866
863 992
864 866
865 866
865 868
865 997
866 868
866 869
866 950
867 868
867 869
867 870
868 869
868 870
869 870
870 872
870 874
871 872
871 873
872 875
872 877
873 875
873 876
874 877
875 876
875 877
875 879
876 878
876 974
877 878
877 880
879 880
879 881
881 883
882 885
883 884
883 885
884 885
884 886
884 887
885 886
885 887
885 888
886 887
886 888
886 889
887 889
888 890
889 890
889 891
889 892
889 895
889 998
890 891
890 892
890 907
891 892
891 893
891 894
892 893
892 894
892 895
893 894
893 895
893 896
894 896
895 896
895 898
896 898
896 899
897 899
897 900
898 900
899 900
899 901
899 902
899 980
900 903
901 902
901 903
901 904
902 903
902 904
902 905
903 905
903 906
903 995
904 906
904 939
905 907
905 908
906 907
906 908
906 937
907 908
908 909
908 910
908 911
909 910
909 911
909 912
909 963
910 912
910 913
911 912
912 913
912 914
912 915
913 915
913 916
914 916
914 917
914 992
915 916
915 934
916 918
916 919
917 919
917 920
918 919
918 920
919 920
919 921
919 922
921 922
921 923
921 924
922 923
922 972
923 924
923 925
923 926
924 925
924 926
924 927
925 928
926 928
926 929
927 928
927 929
927 930
928 930
928 931
929 930
929 931
932 933
932 934
932 935
933 934
933 936
934 935
934 936
935 936
935 938
936 937
938 939
938 941
939 942
940 941
940 943
940 962
941 942
941 989
942 945
943 944
943 945
943 946
944 945
944 947
945 946
945 948
946 947
946 948
947 950
948 949
948 950
948 951
949 950
949 951
950 953
950 996
951 952
951 953
951 954
952 955
953 954
953 955
953 968
954 955
954 956
954 957
955 957
956 958
956 959
957 958
957 959
957 960
958 960
958 961
959 960
959 961
959 962
960 962
960 963
961 962
961 963
961 964
962 963
962 965
963 964
963 966
964 965
964 966
965 966
965 967
965 968
966 968
966 969
967 968
967 970
968 970
969 970
969 971
969 972
970 971
970 973
972 974
973 974
973 975
973 976
974 975
974 976
974 977
975 976
975 977
975 978
976 977
976 979
977 978
977 979
977 980
978 980
978 981
979 980
979 981
979 982
980 981
980 982
981 983
982 983
982 985
983 984
983 985
983 986
984 985
984 986
985 988
986 988
986 989
987 988
987 989
987 990
989 990
990 991
990 992
991 994
992 993
992 994
993 994
993 996
994 995
994 996
996 999
997 998
998 999
