0 1
0 999
0 2
0 998
0 3
0 521
1 2
1 3
1 999
1 4
1 998
2 3
2 4
2 5
2 999
2 211
3 4
3 5
3 899
3 359
4 5
4 6
4 7
5 6
5 7
5 8
6 7
6 8
6 9
6 191
7 8
7 10
7 867
8 9
8 10
8 11
9 10
9 11
9 12
9 750
10 11
10 12
10 13
11 12
11 13
11 14
12 13
12 14
12 15
12 216
12 482
13 14
13 15
13 175
14 15
14 16
14 17
14 840
15 17
15 18
15 986
15 28
16 17
16 18
16 19
16 190
17 18
17 19
17 20
17 241
17 744
18 20
18 682
18 127
18 105
19 20
19 21
19 22
19 197
19 242
19 238
20 21
20 23
20 925
21 22
21 23
21 24
22 25
22 380
22 689
23 24
23 26
23 639
24 25
24 26
24 454
24 406
24 435
25 26
25 27
25 28
26 27
26 29
26 663
26 549
26 410
27 28
27 29
27 30
27 711
28 29
28 30
29 30
29 31
29 32
30 32
30 33
30 194
31 32
31 33
31 34
32 33
32 34
32 35
33 34
33 36
33 859
34 655
34 378
34 72
34 257
35 37
35 963
35 906
36 37
36 38
36 39
37 39
37 40
37 956
38 39
38 40
38 41
38 812
39 40
39 41
39 42
40 43
40 381
40 262
40 569
41 42
41 43
41 44
42 44
42 45
42 644
42 774
42 375
43 44
43 45
43 46
44 45
44 46
44 47
44 248
45 46
45 47
45 48
46 47
46 48
46 203
47 50
47 467
47 547
48 49
48 50
48 544
49 50
49 52
49 817
49 233
49 997
50 51
50 70
50 365
51 52
51 53
51 54
51 797
52 53
52 605
52 782
52 520
52 368
53 54
53 55
53 717
54 55
54 56
54 57
55 57
55 58
55 725
55 485
55 608
55 951
56 57
56 59
56 729
56 934
56 516
57 59
57 60
57 562
58 60
58 793
58 797
58 758
59 60
59 61
59 62
59 882
60 61
60 63
60 414
61 62
61 63
61 64
62 63
62 64
62 65
63 64
63 65
63 66
64 65
64 66
64 806
64 845
65 66
65 67
65 68
66 67
66 68
66 69
66 216
67 68
67 69
67 70
67 799
67 280
67 681
68 69
68 502
68 261
69 70
69 71
69 72
70 71
70 72
70 73
70 786
71 72
71 73
71 74
71 895
72 73
72 75
73 74
73 76
73 691
73 465
73 995
74 75
74 76
74 809
74 991
74 607
75 77
75 78
75 597
75 79
75 467
75 498
75 401
76 77
76 79
76 653
77 78
77 79
77 80
78 79
78 80
78 81
79 81
79 82
79 419
80 81
80 83
80 757
80 123
81 82
81 83
81 84
82 83
82 84
82 85
83 84
83 86
83 211
83 992
83 437
84 85
84 86
84 87
84 980
84 775
84 616
85 86
85 87
85 88
85 461
85 759
86 87
86 88
86 89
87 88
87 89
87 90
88 89
88 90
88 91
88 826
89 90
89 91
89 456
89 624
89 729
90 91
90 93
90 701
90 323
91 93
91 94
91 875
92 93
92 94
92 324
92 661
92 426
93 94
93 95
93 96
93 642
94 95
94 96
94 223
95 96
95 97
95 98
95 697
96 97
96 98
96 99
97 99
97 100
97 851
98 100
98 121
98 350
98 321
99 100
99 101
99 102
99 501
100 101
100 102
100 103
101 102
101 103
101 104
102 103
102 104
102 105
103 104
103 105
103 106
103 953
104 105
104 106
104 107
104 795
105 106
105 107
106 108
106 568
106 401
106 662
107 108
107 109
107 110
108 109
108 110
108 111
109 110
109 111
109 112
110 111
110 113
110 700
110 610
111 112
111 113
111 114
112 113
112 114
112 115
112 571
113 114
113 115
113 116
113 330
114 116
114 117
114 443
115 116
115 117
115 118
116 117
116 118
116 119
117 119
117 804
117 723
117 669
118 119
118 120
118 121
119 120
119 121
119 122
120 121
120 122
120 123
121 122
121 123
121 124
121 278
122 123
122 125
122 135
123 126
123 955
124 125
124 126
124 127
125 127
125 128
125 322
126 127
126 128
126 129
126 339
127 128
127 129
127 130
127 831
128 129
128 131
128 179
129 130
129 131
129 132
130 131
130 132
130 133
131 132
131 133
131 134
132 133
132 134
132 135
133 134
133 135
133 285
133 942
133 316
133 300
134 135
134 137
134 229
134 450
134 529
135 136
135 137
135 138
136 137
136 138
136 139
136 867
137 138
137 140
137 814
138 139
138 141
138 563
138 144
139 140
139 141
139 403
140 141
140 142
140 260
140 250
141 142
141 143
141 144
141 736
142 143
142 144
142 145
143 144
143 145
143 146
143 869
143 620
144 146
144 217
144 270
145 146
145 147
145 148
146 148
146 149
146 472
147 148
147 149
147 150
148 149
148 150
148 151
148 265
148 804
149 150
149 151
149 152
150 151
150 152
150 153
151 152
151 153
151 154
151 648
151 682
152 153
152 154
152 155
152 557
153 154
153 155
153 156
154 156
154 157
154 614
155 156
155 157
155 158
156 157
156 158
156 159
156 907
157 159
157 498
157 584
157 965
158 159
158 160
158 161
159 160
159 161
159 545
159 585
159 598
160 161
160 162
160 163
160 852
161 162
161 164
161 715
161 238
162 163
162 164
162 165
162 230
163 164
163 165
163 166
164 165
164 855
164 804
165 166
165 167
165 168
165 263
165 532
165 318
165 595
166 167
166 168
166 169
167 168
167 169
167 170
167 382
167 407
167 683
168 169
168 170
168 171
169 170
169 171
169 172
170 171
170 172
170 173
171 172
171 173
171 174
171 317
172 173
172 174
172 249
172 179
173 174
173 175
173 176
174 175
174 177
174 538
175 177
175 178
175 317
176 177
176 179
176 753
177 178
177 179
177 180
177 346
178 180
178 181
178 928
179 180
179 182
179 203
180 181
180 182
180 183
181 182
181 183
181 184
182 183
182 184
182 185
183 186
183 195
183 632
184 185
184 186
184 441
185 186
185 187
185 188
186 187
186 188
186 189
186 286
187 188
187 189
187 190
188 189
188 190
188 191
188 585
188 809
189 191
189 192
189 666
190 191
190 193
191 192
191 194
191 193
192 193
192 194
192 195
193 194
193 458
193 766
194 195
194 196
194 197
195 196
195 197
195 198
196 197
196 198
196 990
197 200
197 386
198 199
198 200
198 201
199 200
199 201
199 202
199 771
200 201
200 202
200 203
201 202
201 203
201 204
201 475
201 587
202 205
202 622
202 730
203 204
203 205
203 206
204 205
204 206
204 207
204 479
205 206
205 207
205 232
205 795
206 207
206 209
206 960
206 631
207 210
207 676
207 970
208 209
208 210
208 211
209 210
209 211
209 212
209 411
210 211
210 213
210 637
211 212
211 214
212 213
212 215
212 242
212 365
212 838
213 214
213 215
213 216
213 531
214 216
214 217
214 977
215 216
215 217
215 286
216 219
217 218
217 219
217 220
218 220
218 221
218 773
219 220
219 221
219 222
220 221
220 222
220 223
221 222
221 223
221 224
221 231
222 223
222 224
222 225
223 224
223 225
223 226
223 727
223 280
224 225
224 227
224 556
224 525
224 312
225 226
225 227
225 940
226 227
226 228
226 229
226 444
227 228
227 229
227 230
227 288
228 229
228 230
228 377
229 230
229 231
229 232
229 384
230 231
230 233
231 233
231 388
231 926
232 234
232 235
233 234
233 236
234 235
234 236
234 237
235 236
235 237
235 868
235 726
236 237
236 239
236 647
236 335
237 238
237 239
237 240
238 239
238 241
238 426
239 240
239 241
239 690
239 453
239 413
240 241
240 242
240 243
241 242
241 244
241 275
242 245
242 358
243 244
243 245
243 246
244 245
244 246
244 247
244 841
245 246
245 248
245 510
246 247
246 248
246 249
247 249
247 250
247 709
247 257
248 250
248 251
249 250
249 558
250 251
250 252
251 252
251 253
251 271
252 253
252 254
252 255
252 436
253 254
253 256
253 572
253 676
254 255
254 256
254 257
254 974
255 256
255 257
255 258
256 257
256 258
256 259
257 258
257 259
257 588
258 259
258 260
258 261
259 260
259 261
259 262
260 261
260 262
260 263
261 263
261 264
261 657
262 263
262 264
262 475
263 265
263 266
264 265
264 267
264 740
264 366
265 267
265 268
265 945
266 268
266 269
266 274
267 269
267 270
267 905
268 270
268 271
268 640
268 748
269 270
269 271
269 272
270 271
270 272
270 486
271 272
271 273
271 274
272 273
272 274
272 275
272 608
273 275
273 276
273 285
274 275
274 276
274 277
275 276
275 277
276 277
276 278
276 932
276 825
276 531
277 278
277 279
277 280
278 280
278 281
278 649
278 829
279 280
279 281
279 282
280 281
280 654
281 282
281 283
281 284
282 283
282 284
282 285
282 565
283 285
283 286
283 342
284 285
284 286
284 287
285 287
285 451
286 287
286 289
287 289
287 290
287 372
288 289
288 290
289 290
289 291
289 292
289 509
290 291
290 292
290 293
291 293
291 294
291 774
292 293
292 294
292 295
293 294
293 295
293 964
293 594
294 295
294 296
294 510
295 296
295 297
295 298
295 738
296 297
296 298
296 299
297 299
297 300
297 343
298 300
298 301
298 525
299 300
299 301
299 302
300 301
300 302
301 302
301 303
301 304
301 869
302 305
302 539
302 556
303 304
303 305
303 306
304 305
304 306
304 307
305 306
305 307
305 308
306 307
306 308
306 309
306 343
307 308
307 309
307 310
308 309
308 310
308 311
309 310
309 311
309 360
310 311
310 312
310 313
311 312
311 313
311 867
312 313
312 314
313 314
313 315
313 316
314 315
314 316
314 317
315 316
315 317
315 318
315 486
316 317
316 318
316 319
317 318
317 319
318 319
318 320
319 320
319 321
319 883
320 321
320 323
320 866
321 322
321 323
321 452
322 323
322 330
322 640
323 324
323 326
323 429
324 325
324 327
325 327
325 328
325 638
326 327
326 328
326 329
326 761
327 328
327 329
327 989
327 374
328 330
328 331
328 696
329 330
329 331
329 332
329 383
330 332
330 333
331 332
331 333
331 334
332 333
332 350
332 897
333 334
333 335
333 336
334 335
334 336
334 337
334 448
335 338
335 725
335 611
336 337
336 338
336 339
337 338
337 339
337 340
337 600
337 683
337 858
337 890
337 957
338 339
338 340
338 341
338 686
339 341
339 342
339 899
340 341
340 342
340 343
340 651
341 342
341 744
341 728
342 343
342 344
342 345
343 344
343 345
344 345
344 346
344 347
345 346
345 347
345 348
346 347
346 426
347 348
347 350
347 918
348 349
348 351
348 694
348 968
349 351
349 602
349 846
350 351
350 352
350 353
351 353
351 706
351 832
352 353
352 354
352 355
353 354
353 355
353 356
354 355
354 569
354 852
355 356
355 357
355 509
355 487
355 802
356 357
356 358
356 359
357 358
357 359
357 360
357 940
358 359
358 360
358 361
359 360
359 361
360 361
360 363
360 746
361 362
361 363
361 364
362 363
362 364
362 871
362 433
363 364
363 365
363 366
364 365
364 366
364 367
365 368
365 742
365 603
366 367
366 368
366 369
366 424
367 368
367 369
367 370
368 369
368 370
368 588
369 370
369 371
369 372
369 520
369 938
370 371
370 372
370 373
370 549
371 372
371 373
371 374
371 601
372 374
372 375
372 594
372 820
372 527
373 375
373 376
373 472
373 576
374 377
374 876
374 692
374 507
375 376
375 377
375 635
376 377
376 378
376 379
376 813
377 378
377 379
377 380
378 381
378 747
378 865
379 380
379 381
379 382
379 618
380 381
380 382
380 383
381 382
381 383
381 384
382 384
382 385
383 384
383 385
383 485
384 387
384 529
385 386
385 387
385 388
385 790
386 387
386 389
386 404
387 388
387 389
387 419
388 390
388 391
388 957
389 390
389 391
389 392
389 460
390 391
390 393
390 738
391 392
391 393
391 394
392 393
392 394
392 448
393 394
393 396
393 818
393 483
394 395
394 396
394 397
395 396
395 397
395 982
396 397
396 398
396 399
397 398
397 399
397 400
398 399
398 400
398 401
399 400
399 401
399 402
400 401
400 402
400 403
400 856
401 887
402 403
402 404
402 405
402 461
403 405
403 406
403 725
404 405
404 406
404 407
405 406
405 407
405 413
405 913
405 916
405 663
406 407
406 408
406 409
407 409
407 410
408 409
408 411
408 713
409 410
409 411
409 412
410 411
410 412
411 413
411 414
411 675
412 413
412 414
412 415
412 857
413 415
413 525
414 415
414 416
414 417
414 604
415 416
415 418
415 975
415 598
416 417
416 418
416 419
417 418
417 419
417 420
417 706
418 419
418 420
418 421
419 421
419 422
420 421
420 422
420 423
421 422
421 423
421 424
422 423
422 645
422 441
423 424
423 425
423 426
423 542
424 425
424 427
425 427
425 828
425 749
425 550
426 427
426 428
427 428
427 429
427 430
427 870
428 429
428 430
428 431
429 430
429 432
429 834
430 431
430 432
430 704
431 432
431 590
431 643
432 433
432 435
432 495
433 434
433 435
433 436
434 435
434 436
434 437
435 436
435 437
436 437
436 438
437 439
437 751
438 439
438 440
438 441
439 440
439 441
439 442
439 717
440 441
440 442
440 443
441 442
441 443
441 444
442 443
442 444
442 445
442 933
443 444
443 445
443 446
444 445
444 446
445 446
445 447
445 448
446 447
446 448
446 449
446 837
447 448
447 450
447 475
448 449
448 450
448 903
448 984
449 451
449 452
449 785
449 568
450 451
450 453
451 452
451 453
451 454
452 454
452 455
453 454
453 456
454 456
454 457
455 456
455 457
455 458
456 457
456 458
456 459
457 458
457 459
457 460
458 460
458 461
459 460
459 461
459 462
460 461
460 463
461 463
462 463
462 464
462 465
463 464
463 465
463 466
464 465
464 466
464 467
465 636
465 793
466 467
466 469
466 701
467 469
467 470
468 469
468 470
468 471
469 470
469 471
469 472
469 678
470 472
470 473
470 648
470 633
471 472
471 473
471 474
472 473
472 474
472 475
473 476
473 919
473 917
473 881
474 475
474 476
474 477
475 476
475 477
475 524
476 477
476 478
476 479
476 725
477 478
477 479
477 480
477 614
478 480
478 481
478 636
479 480
479 481
479 621
480 482
480 483
480 684
481 482
481 483
481 484
481 817
482 483
482 485
482 710
482 856
483 484
483 485
484 485
484 486
484 487
485 487
486 488
487 488
487 489
487 622
488 489
488 490
488 491
488 853
489 491
489 944
489 575
490 491
490 493
490 803
491 492
491 493
491 494
492 493
492 494
492 495
493 494
493 495
493 969
494 495
494 496
494 497
495 497
495 498
495 518
495 564
496 497
496 498
496 499
497 498
497 499
497 500
497 508
498 499
498 501
499 500
499 501
499 502
500 501
500 503
500 748
500 923
501 502
501 504
502 503
502 504
502 505
503 504
503 505
503 506
503 850
504 506
504 507
504 519
505 506
505 507
505 508
506 507
506 508
506 509
507 510
507 620
508 509
508 527
509 511
509 512
510 511
510 512
510 513
511 512
511 513
511 725
511 614
512 514
512 515
512 746
512 934
513 514
513 515
513 516
514 516
514 517
514 525
515 516
515 517
515 518
515 853
516 517
516 519
517 518
517 520
517 751
517 531
518 519
518 520
518 521
519 520
519 521
519 522
520 521
520 523
521 522
521 524
522 523
522 524
522 525
523 524
523 525
523 526
523 966
524 527
524 585
525 526
525 528
526 527
526 529
526 666
527 528
527 597
528 529
528 530
528 531
529 530
529 531
530 531
530 532
530 533
531 609
532 533
532 535
533 534
533 535
533 536
533 595
533 566
533 979
534 535
534 536
534 537
535 536
535 537
535 538
536 537
536 538
536 539
536 679
537 538
537 539
537 540
538 540
538 541
538 972
539 540
539 541
539 542
540 542
540 543
540 799
541 542
541 543
541 544
542 544
542 545
543 544
543 545
543 546
544 545
544 546
544 873
545 546
545 548
545 965
546 547
546 548
546 549
547 548
547 549
547 550
548 549
548 550
548 551
549 551
549 921
550 551
550 552
550 553
551 552
551 553
551 554
551 632
552 553
552 554
552 805
552 857
552 842
553 554
553 555
553 556
554 555
554 556
554 557
555 556
555 557
555 558
555 638
556 557
556 558
556 857
557 558
557 560
558 559
558 560
558 763
559 560
559 561
559 562
560 561
560 562
560 563
561 562
561 563
561 564
562 563
562 564
562 565
563 564
563 565
563 566
563 990
563 814
564 566
564 567
565 566
565 567
566 567
566 568
567 568
567 569
567 570
568 569
568 571
568 591
569 572
569 853
569 801
570 571
570 572
570 910
570 785
571 572
571 574
572 573
572 574
572 575
573 574
573 575
573 576
574 575
574 577
574 625
574 851
575 576
575 577
575 578
576 577
576 578
577 578
577 579
577 580
578 579
578 580
578 581
579 580
579 581
579 582
580 581
580 582
580 583
580 784
580 650
581 582
581 583
581 584
582 584
582 585
582 591
583 584
583 585
583 586
584 585
584 587
585 588
586 587
586 588
586 589
587 589
587 896
588 589
588 591
589 590
589 591
589 592
590 592
590 593
590 829
591 592
591 594
592 593
592 594
592 595
593 594
593 595
593 596
594 595
594 596
594 597
594 897
594 710
595 597
595 731
596 597
596 598
596 599
597 598
597 599
597 600
598 599
598 601
599 600
599 601
599 602
600 601
600 653
601 603
601 604
602 603
602 604
602 605
603 604
603 606
603 966
604 606
604 607
605 607
605 608
606 608
606 609
606 626
607 608
607 609
607 610
608 610
609 610
609 611
609 612
610 611
610 612
610 613
611 612
611 613
611 614
612 613
612 614
612 615
613 614
613 615
613 616
614 615
614 616
615 616
615 617
615 618
615 738
616 617
616 618
617 618
617 619
617 620
618 620
618 621
619 620
619 621
619 622
620 621
620 622
620 982
621 622
621 623
622 624
622 625
623 624
623 625
623 626
624 625
624 626
625 626
625 627
625 628
626 627
626 717
626 687
627 628
627 629
627 630
627 957
628 629
628 630
628 683
629 630
629 631
629 632
630 631
630 632
630 633
631 632
631 634
632 635
632 780
633 634
633 636
634 635
634 636
634 637
635 637
635 638
636 637
636 638
636 639
637 638
637 639
637 640
637 996
637 739
638 639
638 640
639 641
639 652
639 852
640 641
640 642
640 643
641 642
641 643
641 644
641 900
642 643
642 644
643 644
643 646
643 798
644 645
644 646
644 647
644 884
645 646
645 647
645 648
646 647
646 648
646 684
647 649
647 650
648 649
648 651
648 658
649 651
649 652
650 651
650 653
651 652
651 654
651 837
652 653
652 655
652 788
653 654
653 655
653 656
654 657
654 671
654 688
655 656
655 657
655 658
655 676
656 657
656 658
656 659
656 839
657 658
657 659
657 660
658 661
658 668
659 660
659 661
659 662
660 661
660 662
660 663
661 662
661 664
662 663
662 664
662 665
662 673
663 665
664 665
664 666
664 769
665 666
665 667
665 668
665 790
666 667
666 668
666 669
667 668
667 669
667 670
668 669
668 670
668 671
668 778
668 903
669 670
669 671
669 672
669 843
670 671
670 672
670 673
671 673
671 674
671 943
672 673
672 674
672 675
673 927
673 796
674 675
674 676
674 677
675 677
675 678
676 679
677 678
677 679
677 680
678 679
678 681
679 680
679 682
679 888
680 681
680 682
680 683
680 811
681 682
681 747
682 683
682 684
683 685
684 685
684 687
684 773
685 686
685 687
685 688
686 687
686 688
686 920
687 688
687 689
687 690
688 690
688 691
688 946
689 690
689 691
689 692
690 692
690 693
691 692
691 693
691 694
692 693
692 695
692 888
693 694
693 695
693 696
694 695
694 696
694 697
695 696
695 697
695 698
696 697
696 698
696 699
696 941
697 700
697 962
698 699
698 700
698 701
699 700
699 701
699 702
699 737
700 702
700 703
701 702
701 703
701 704
702 703
702 704
702 705
703 704
703 705
703 706
704 705
704 706
704 999
705 706
705 707
705 708
705 784
706 707
706 709
707 708
707 709
707 710
708 711
708 775
708 752
709 710
709 711
709 712
710 712
711 712
711 714
712 714
712 715
712 801
712 793
713 715
713 716
713 937
714 715
714 717
714 789
715 717
715 718
716 717
716 718
716 914
717 718
717 719
717 857
718 719
718 720
718 721
719 720
719 721
719 722
720 721
720 722
720 723
720 813
721 722
721 723
721 724
722 723
722 724
722 751
723 725
723 726
723 849
724 725
724 726
724 727
725 726
725 767
726 727
726 728
726 729
726 751
727 728
727 818
728 729
728 730
728 921
729 731
730 731
730 732
730 733
730 912
731 732
731 733
732 733
732 734
732 735
733 734
733 735
733 736
733 762
734 735
734 736
734 737
735 736
735 737
735 738
736 738
736 739
736 911
737 738
737 740
738 741
739 740
739 741
740 742
740 743
741 743
741 744
741 819
742 743
742 744
742 745
743 744
743 745
743 746
744 745
744 942
745 746
745 747
745 748
746 747
746 748
746 749
747 748
747 749
747 750
748 836
749 751
749 752
750 752
750 753
751 754
752 753
752 754
752 755
753 754
753 755
753 756
754 755
754 756
754 757
755 756
755 757
755 758
756 757
756 758
756 902
757 758
757 759
757 760
758 759
758 760
759 760
759 761
760 761
760 762
760 915
761 762
761 764
761 833
762 764
762 765
763 765
763 766
763 846
764 765
764 766
764 767
765 766
765 767
765 953
766 767
766 768
766 843
767 768
767 770
768 769
768 770
768 771
769 770
769 771
769 772
770 771
770 772
770 773
771 773
771 774
772 773
772 774
772 775
773 774
773 775
773 776
774 775
774 777
775 776
775 778
776 778
776 779
776 939
777 778
777 779
777 868
778 780
778 781
779 780
779 781
779 782
780 781
780 782
780 783
781 782
781 783
781 784
782 784
782 785
782 918
783 784
783 785
783 786
784 787
784 933
785 786
785 787
785 981
786 788
786 789
787 788
787 789
787 790
788 789
788 790
788 791
789 790
789 791
789 792
790 792
790 888
791 792
791 793
791 794
792 793
792 794
792 795
793 795
793 796
794 795
794 796
794 797
795 797
795 798
796 797
796 798
796 799
797 798
797 800
798 799
798 800
798 801
799 801
799 802
799 835
800 801
800 802
800 803
801 802
801 804
802 803
802 804
803 804
803 805
803 806
804 805
804 807
805 807
805 808
806 807
806 809
807 808
807 809
807 844
808 809
808 810
808 811
809 810
809 940
809 974
810 811
810 812
810 813
811 812
811 813
811 875
812 813
812 815
813 815
814 815
814 816
815 816
815 817
815 818
815 955
816 817
816 818
816 819
816 845
817 818
817 820
818 819
818 820
818 821
819 820
819 821
819 822
820 822
820 823
821 822
821 823
821 824
821 863
822 823
822 824
822 825
823 824
823 825
823 826
824 825
824 826
824 827
825 826
825 827
825 828
826 827
826 829
826 908
827 828
827 829
827 830
827 892
828 829
828 830
828 831
829 831
829 832
830 831
830 832
830 833
831 833
831 834
832 833
832 834
832 835
833 834
833 836
834 836
834 837
835 837
835 838
836 837
836 838
836 839
837 840
838 839
838 841
838 889
839 841
839 932
840 843
840 860
841 842
841 844
842 843
842 844
842 845
843 845
843 846
844 845
844 846
844 847
845 846
845 847
845 874
846 847
846 848
846 849
847 848
847 849
847 850
848 849
848 850
848 851
849 850
849 851
850 851
850 852
851 852
851 853
852 854
852 893
853 855
854 855
854 856
854 857
855 856
855 858
855 907
856 893
858 859
858 860
859 860
859 861
859 862
859 864
860 861
860 862
860 863
861 862
861 863
861 864
862 863
862 864
862 865
862 962
863 865
863 866
863 915
864 866
864 867
865 866
865 867
865 868
866 867
866 868
866 869
867 868
867 869
868 871
868 880
869 872
870 871
870 913
871 872
871 980
872 874
872 878
872 930
873 874
873 875
873 876
873 890
873 978
874 875
874 877
875 876
875 877
876 877
876 878
876 879
877 878
877 879
877 880
878 879
878 880
878 881
879 880
879 881
879 882
880 881
880 882
880 883
881 882
881 884
882 883
882 885
883 884
883 885
883 886
884 885
884 886
885 886
885 887
885 888
886 887
886 888
886 889
887 888
887 889
887 890
888 891
889 891
889 892
890 891
891 892
891 893
891 894
892 894
892 895
893 894
893 896
893 936
894 895
894 896
894 897
895 896
895 898
896 897
896 898
896 899
897 898
897 900
898 899
898 900
898 901
899 900
899 902
900 901
900 902
901 902
901 903
901 904
902 903
902 904
902 905
902 978
903 905
904 905
904 906
904 907
905 906
905 907
905 908
906 907
906 908
906 909
907 909
907 910
908 909
908 910
909 910
909 911
909 912
910 912
910 913
911 912
911 913
912 914
912 915
913 915
913 916
914 915
914 916
914 917
915 917
915 918
916 917
916 918
916 919
917 918
917 919
917 920
918 920
918 921
919 920
919 921
919 922
920 921
920 922
921 922
921 923
921 924
922 923
922 924
922 925
923 924
923 925
923 926
924 925
924 926
924 927
925 926
925 927
925 928
926 927
926 928
927 928
927 929
927 930
928 929
928 930
928 931
929 930
929 931
929 932
930 931
930 932
930 933
931 932
931 933
931 934
932 933
932 935
933 935
934 935
934 936
935 936
935 937
935 938
936 937
936 938
936 939
937 938
937 940
937 960
938 939
938 940
939 940
939 941
939 942
940 942
941 943
941 944
942 943
942 945
943 944
943 945
944 945
944 946
944 947
945 946
945 948
946 947
946 948
946 949
947 948
947 949
947 950
948 949
948 950
948 951
949 950
949 951
949 952
950 951
950 952
950 953
951 952
951 953
952 953
952 954
952 955
953 954
953 956
954 955
954 956
954 957
955 956
955 958
956 957
956 958
956 959
957 958
958 959
958 960
958 961
959 960
959 961
959 962
960 961
960 962
960 963
961 962
961 963
961 964
962 963
962 965
963 964
963 965
963 966
964 966
964 967
965 967
965 968
966 967
967 968
967 969
967 970
968 969
968 971
969 970
969 971
969 972
970 971
970 972
970 973
971 972
971 973
971 974
972 973
972 974
972 975
973 974
973 975
973 976
974 975
975 976
975 977
975 978
976 977
976 978
976 979
977 978
977 979
977 980
978 980
979 980
979 981
980 982
980 983
981 982
981 983
981 984
982 983
982 985
983 984
983 985
983 986
984 985
984 986
985 986
985 987
985 988
986 987
986 988
986 989
987 988
987 989
987 990
988 989
988 990
988 991
989 990
989 992
990 991
990 993
991 992
991 994
992 993
992 995
993 994
993 995
993 996
994 995
994 996
994 997
995 996
995 997
996 998
996 999
997 998
997 999
998 999
