0 1
0 3
0 631
0 110
0 755
1 287
1 164
1 828
1 473
2 4
2 89
2 165
3 137
3 604
3 730
4 7
4 906
4 814
4 108
4 259
4 513
5 6
5 8
5 486
5 471
5 813
6 655
6 175
6 405
6 857
6 39
7 8
7 56
7 397
7 289
8 30
8 325
8 736
8 486
8 338
9 960
9 836
9 386
10 851
10 920
10 417
10 934
10 83
10 163
11 266
11 312
11 392
12 349
12 294
12 982
12 701
12 423
12 648
13 15
13 16
13 170
13 646
13 349
14 68
14 276
14 951
14 637
14 122
14 498
14 224
14 683
15 825
15 73
15 981
15 382
15 218
16 388
16 638
16 709
16 738
16 963
17 829
17 537
17 740
17 380
17 730
18 396
18 218
18 800
18 241
18 409
18 698
19 314
19 507
19 889
19 271
19 91
20 197
20 437
20 444
20 253
21 966
21 833
21 407
21 377
22 961
22 112
22 432
22 440
22 798
23 810
23 106
23 120
23 191
23 395
23 87
23 516
23 107
23 970
24 27
24 517
24 40
24 417
24 515
24 536
24 609
25 43
25 541
25 209
25 231
25 492
25 851
25 808
26 686
26 950
26 119
26 96
26 640
27 583
27 971
27 215
27 732
27 478
28 588
28 746
28 693
29 262
29 315
29 553
29 144
30 767
30 501
30 100
30 610
31 34
31 739
31 193
31 213
31 796
31 670
32 426
32 59
32 60
32 676
32 385
33 766
33 195
33 629
33 307
33 926
33 391
34 980
34 320
34 746
34 880
34 954
35 369
35 528
35 508
35 582
35 366
35 988
36 38
36 441
36 508
36 562
37 40
37 746
37 458
37 38
37 220
38 786
38 139
38 679
38 160
38 929
39 430
39 943
39 646
39 784
39 454
39 283
40 468
40 597
40 288
40 567
41 466
41 421
41 441
41 452
41 390
42 980
42 459
42 487
42 708
42 496
42 939
42 462
42 654
43 46
43 913
43 491
43 136
43 110
43 590
44 719
44 957
44 73
44 864
45 465
45 74
45 517
45 512
45 772
45 562
46 829
46 653
46 66
47 444
47 133
47 788
47 944
47 581
47 450
47 743
47 992
48 775
48 374
48 287
48 482
48 565
49 51
49 52
49 164
49 374
49 566
49 632
49 109
49 735
49 548
50 242
50 148
50 155
50 457
50 946
50 455
50 913
51 706
51 616
51 246
51 580
52 663
52 629
52 416
52 160
52 220
52 653
53 959
53 95
53 876
53 498
54 56
54 76
54 455
54 761
55 57
55 484
55 454
55 475
55 856
55 895
55 726
56 470
56 832
56 150
56 946
56 452
56 187
56 476
56 858
57 944
57 211
57 470
57 895
57 120
57 387
57 605
57 583
57 92
57 227
58 88
58 299
58 857
58 704
58 675
58 151
58 534
58 555
59 213
59 512
59 481
59 627
59 810
59 975
60 423
60 301
60 336
60 614
60 990
60 392
60 428
61 655
61 357
61 648
61 465
61 204
61 811
61 807
62 63
62 422
62 778
62 124
62 820
62 343
62 175
62 661
63 737
63 630
63 705
63 519
63 744
63 299
63 673
64 473
64 621
64 826
64 575
64 699
65 126
65 623
65 660
66 67
66 550
66 541
67 829
67 257
67 701
67 224
67 560
67 112
67 846
68 304
68 547
68 707
68 771
68 788
69 660
69 89
69 488
69 591
69 930
70 73
70 733
70 95
70 344
70 514
71 74
71 148
71 872
71 907
72 648
72 233
72 430
72 425
72 879
72 177
73 924
73 105
73 434
74 246
74 864
74 995
74 99
74 882
75 77
75 481
75 214
75 685
75 734
75 766
75 433
75 626
76 78
76 293
76 744
76 97
76 657
76 806
76 824
76 346
76 703
77 78
77 477
77 719
78 928
78 233
78 328
78 702
79 945
79 904
79 711
79 868
80 515
80 617
80 831
80 966
80 211
80 431
80 868
80 702
80 823
81 346
81 345
81 873
81 794
82 83
82 346
82 855
82 620
82 527
82 271
83 84
83 335
83 312
83 473
83 337
83 196
83 274
83 915
84 811
84 905
84 695
84 206
85 504
85 138
85 442
85 941
85 494
85 629
86 88
86 370
86 367
86 980
86 256
86 439
87 88
87 437
87 681
87 207
87 516
87 156
88 89
88 127
88 652
88 412
89 459
89 451
89 220
89 583
89 128
90 91
90 465
90 414
90 864
90 322
91 461
91 643
91 719
91 322
91 449
91 827
91 908
92 927
92 175
92 682
93 273
93 910
93 379
93 848
93 145
94 584
94 726
94 236
94 242
95 851
95 108
95 278
95 424
95 448
95 713
96 99
96 977
96 147
96 554
96 538
96 184
97 239
97 163
97 603
97 632
98 150
98 289
98 126
98 978
98 912
98 636
99 380
99 829
100 348
100 200
100 992
100 956
100 239
100 793
101 634
101 707
101 999
101 740
101 771
102 278
102 985
102 782
102 349
102 872
102 338
103 792
103 594
103 687
103 818
103 847
103 153
103 971
104 105
104 132
104 386
104 406
104 139
104 432
104 426
104 762
105 763
105 974
105 843
105 133
106 109
106 340
106 573
107 109
107 337
107 469
107 508
108 803
108 757
108 118
108 244
109 112
109 239
109 135
109 836
109 198
110 395
110 913
111 378
111 164
111 714
111 522
112 117
112 369
112 414
112 560
112 874
113 699
113 254
113 879
113 960
114 217
114 896
114 354
114 219
114 936
114 662
115 470
115 471
115 530
115 326
116 183
116 441
116 794
116 576
116 757
117 120
117 250
117 304
117 478
117 882
118 121
118 695
118 138
118 861
119 364
119 755
119 123
120 312
120 232
121 124
121 875
121 466
121 484
122 774
122 523
122 661
122 707
123 124
123 310
123 522
123 904
124 226
124 170
124 450
124 192
124 149
124 602
125 329
125 280
125 576
125 262
125 201
126 157
126 372
126 418
126 179
126 776
127 997
127 795
127 994
128 567
128 692
129 130
129 284
129 683
129 581
129 441
129 463
129 474
130 443
130 478
130 302
130 457
131 133
131 738
131 862
132 340
132 395
132 321
133 176
133 917
133 233
133 420
134 762
134 631
134 159
135 811
135 885
135 775
135 604
135 737
135 801
136 417
136 358
136 397
136 982
136 432
137 591
137 189
137 676
137 947
137 760
138 529
138 314
138 502
138 878
139 830
139 795
139 268
139 939
139 368
140 984
140 431
140 627
140 520
140 651
141 431
141 278
141 229
141 728
141 734
141 381
142 918
142 850
142 147
142 833
142 811
142 839
143 865
143 677
143 779
143 348
143 459
143 967
143 991
143 824
144 145
144 311
144 666
144 325
144 546
145 455
145 732
145 818
146 408
146 377
146 920
146 303
147 737
147 517
147 558
147 995
147 851
147 512
147 537
147 641
148 807
148 281
148 497
149 659
149 397
149 585
149 838
150 512
150 563
150 678
150 770
150 699
151 672
151 898
151 929
151 981
152 153
152 625
152 245
152 935
152 508
153 815
153 796
153 704
153 407
153 923
153 844
153 205
154 156
154 351
154 318
154 462
154 856
154 936
155 158
155 668
155 911
155 638
155 801
156 979
156 890
156 969
156 978
156 547
157 158
157 369
157 196
157 389
157 285
158 729
158 629
158 802
158 347
159 317
159 286
159 752
159 842
159 393
159 818
160 593
160 446
160 559
160 572
161 164
161 777
161 954
161 233
161 442
162 835
162 791
162 460
162 517
163 164
163 915
163 345
164 231
164 791
164 185
164 719
165 484
165 564
165 286
165 678
165 428
165 946
166 801
166 244
166 885
166 727
167 169
167 983
167 944
167 841
167 618
168 170
168 419
168 434
168 800
168 912
168 702
168 977
169 172
169 382
169 723
169 199
169 260
170 451
170 195
170 826
170 759
171 620
171 180
171 843
171 818
171 562
171 427
172 173
172 684
172 917
172 826
173 259
173 755
173 395
173 618
173 654
173 885
174 355
174 490
174 237
174 555
175 522
175 272
175 778
176 462
176 820
176 789
176 863
176 270
176 610
177 178
177 180
177 695
178 835
178 536
178 980
178 427
178 937
179 920
179 204
179 270
179 910
179 207
179 863
180 717
180 710
180 489
180 938
181 669
181 698
181 738
181 306
181 634
181 283
182 422
182 886
182 258
182 540
182 188
183 483
183 434
183 663
183 819
184 301
184 407
184 352
184 453
185 397
185 378
185 835
186 187
186 761
186 235
186 709
187 620
187 506
187 921
187 639
187 824
188 410
188 859
188 340
188 652
189 782
189 412
189 469
189 564
190 223
190 986
190 479
191 500
191 780
191 982
191 206
191 623
191 692
192 911
192 562
192 293
192 223
192 841
193 296
193 963
193 786
193 961
193 504
194 195
194 197
194 726
194 681
194 287
195 197
195 963
196 587
196 551
197 567
197 959
197 879
197 919
198 336
198 521
198 738
198 770
198 717
199 320
199 316
199 287
199 300
199 438
199 694
200 203
200 379
200 973
200 616
201 461
201 831
201 314
201 689
201 238
201 906
202 204
202 205
202 230
202 299
202 406
202 588
202 616
202 879
203 809
203 239
203 922
203 971
203 584
204 762
204 214
205 232
205 650
205 439
205 288
205 578
206 209
206 524
206 532
206 331
207 210
207 556
207 523
207 870
208 325
208 252
208 869
208 244
208 437
208 831
209 294
209 309
209 709
209 810
209 613
209 704
210 657
210 290
210 540
210 759
210 337
210 567
211 214
211 865
211 494
212 648
212 655
212 510
212 714
213 215
213 708
213 324
213 659
213 751
213 837
213 874
214 754
214 563
214 892
214 557
215 927
215 486
215 649
216 440
216 417
216 967
216 295
216 228
216 999
217 650
217 268
217 790
217 689
217 318
217 748
217 773
218 858
218 622
218 700
218 817
219 589
219 982
220 739
220 973
220 386
220 966
221 223
221 448
221 389
221 704
221 417
221 866
221 645
222 223
222 641
222 910
222 522
222 562
222 738
222 880
223 765
223 283
223 730
224 510
224 407
224 527
225 309
225 633
225 305
225 289
225 865
225 639
225 275
226 589
226 331
226 515
226 418
226 809
227 594
227 675
228 373
228 275
228 597
228 805
229 668
229 403
229 269
229 715
229 990
230 231
230 509
230 608
230 385
231 775
231 438
231 598
231 979
232 469
232 830
232 904
233 235
233 645
233 367
233 976
234 662
234 311
234 898
235 674
235 332
235 269
235 805
235 812
235 272
235 941
236 804
236 842
236 759
236 933
237 384
237 396
237 410
237 484
237 876
237 990
237 498
238 879
238 793
238 552
239 779
239 405
240 243
240 924
240 681
240 322
240 334
240 594
240 485
241 569
241 486
241 716
241 861
242 361
242 501
242 629
242 620
242 817
242 822
243 752
243 609
243 977
243 666
244 614
244 490
244 682
244 966
244 577
245 247
245 803
245 900
245 942
245 806
245 799
246 721
246 873
247 574
247 711
247 743
247 932
247 780
248 251
248 813
248 893
248 877
249 499
249 380
249 490
249 281
249 597
250 911
250 747
250 284
250 706
251 738
251 302
251 800
251 443
251 329
251 829
252 878
252 448
252 660
252 807
253 948
253 516
253 891
253 896
253 346
254 271
254 416
254 848
254 870
254 847
254 895
254 818
255 256
255 907
255 763
255 876
256 563
256 435
256 719
256 359
256 567
257 658
257 519
257 987
257 591
257 930
258 261
258 540
258 570
258 506
258 974
259 260
259 442
260 802
260 312
260 843
261 600
261 688
261 838
261 857
261 510
262 835
262 502
262 978
262 927
263 567
263 356
263 851
263 731
263 597
263 764
263 887
264 265
264 267
264 486
265 268
265 660
265 860
266 269
266 548
266 836
267 923
267 659
267 687
267 537
268 783
268 792
268 285
269 929
269 434
269 849
270 494
270 990
270 959
271 756
271 517
271 612
271 904
272 817
272 982
272 510
272 342
272 767
273 275
273 973
273 329
273 456
273 957
273 808
273 498
273 943
274 621
274 508
274 362
274 696
274 727
274 353
274 387
275 482
275 611
275 834
275 988
276 531
276 461
276 757
276 751
277 279
277 280
277 955
277 505
278 758
278 287
278 419
278 534
278 782
278 515
278 551
278 822
279 966
279 329
279 394
279 619
279 644
279 368
280 751
280 753
280 832
280 404
280 752
281 582
281 861
281 797
282 284
282 488
282 568
282 976
282 644
283 285
283 544
284 415
284 392
284 459
284 495
284 741
285 286
285 649
285 767
286 373
286 397
287 747
287 790
287 774
288 289
288 613
288 389
288 918
289 348
289 479
290 672
290 291
290 968
291 871
291 395
291 471
292 504
292 678
292 699
293 469
293 748
293 634
293 566
293 374
293 650
294 724
294 673
294 828
295 296
295 362
295 636
295 918
296 862
296 314
296 560
297 882
297 812
297 927
298 762
298 913
298 993
298 794
299 409
299 882
300 687
300 740
300 561
300 653
300 866
301 543
301 376
301 460
301 506
302 879
302 458
302 673
302 519
302 528
303 828
303 387
303 611
303 976
304 757
304 375
304 533
305 820
305 622
305 636
305 736
305 561
305 754
306 917
306 326
306 726
306 599
306 414
307 310
307 474
308 665
308 391
308 743
308 595
308 398
309 417
309 788
309 617
309 419
309 811
309 957
310 439
310 849
311 962
311 724
311 921
312 866
312 878
312 831
312 547
313 347
313 531
313 555
314 317
314 520
314 844
314 413
314 416
315 608
315 514
315 839
315 745
316 961
316 400
316 841
317 320
317 526
317 911
318 468
318 401
318 678
318 821
319 691
319 723
319 984
319 325
319 522
320 546
320 682
320 645
320 940
320 357
320 399
320 443
320 920
321 322
321 574
321 612
321 563
321 596
322 697
322 418
322 451
322 868
323 446
323 537
323 897
324 791
324 347
324 508
325 337
325 726
326 776
326 343
326 373
326 553
327 738
327 463
327 752
327 398
328 352
328 795
328 825
328 698
329 515
329 552
329 918
329 825
329 643
330 599
330 965
330 390
330 975
331 427
331 827
332 870
332 713
332 982
332 350
333 336
333 633
333 887
333 963
333 493
333 891
334 343
334 816
335 650
335 919
335 500
335 626
336 797
336 983
337 477
337 619
338 549
338 916
338 677
338 983
338 870
338 430
339 340
339 883
339 451
340 607
340 780
340 931
341 811
341 999
341 888
341 348
342 343
342 606
342 422
342 518
342 759
343 345
343 889
343 821
343 512
344 996
344 817
344 441
344 966
345 899
345 711
345 650
346 599
346 456
347 999
347 603
347 477
348 959
348 352
349 530
349 401
350 352
350 405
350 500
351 806
351 908
351 930
351 786
351 651
351 647
351 732
352 353
352 525
352 953
352 707
353 355
353 811
353 583
353 643
353 362
353 935
354 356
354 795
354 402
354 525
354 744
354 844
354 903
355 358
355 474
355 475
355 426
355 488
356 358
356 496
356 499
356 842
357 493
357 665
358 360
358 577
358 637
358 702
358 556
359 934
359 776
359 365
359 794
360 361
360 757
360 541
361 782
361 390
361 654
361 423
361 823
361 980
361 388
362 709
363 365
363 537
363 699
363 895
363 563
364 365
364 366
364 505
365 670
365 784
365 644
365 434
365 669
366 367
366 405
366 424
366 862
367 724
368 435
368 580
368 860
368 747
368 456
368 544
369 890
369 585
369 397
369 787
370 374
370 604
370 431
370 478
370 827
370 707
370 379
370 928
371 373
371 592
371 550
372 373
372 825
372 448
372 708
372 652
372 958
373 764
373 855
373 937
374 376
374 377
374 864
375 378
375 928
375 423
375 952
376 859
376 987
376 882
376 959
376 483
377 786
377 505
377 478
377 388
377 655
377 907
377 894
378 395
378 994
378 576
378 774
380 382
380 524
380 791
380 897
380 968
380 918
380 401
380 549
381 717
381 614
381 556
382 383
382 903
382 400
383 874
383 908
383 680
384 394
384 724
384 876
384 975
385 526
385 911
386 493
386 479
387 610
387 661
388 564
388 782
388 595
389 937
389 525
389 932
390 443
390 444
391 447
391 663
391 707
391 909
392 556
392 512
392 824
392 486
392 886
393 727
393 429
393 521
393 686
393 416
393 493
393 554
394 954
394 487
395 398
395 951
395 498
396 693
396 604
396 477
397 464
397 461
397 906
397 703
398 468
398 827
398 761
398 593
398 507
398 445
398 993
399 603
399 997
399 635
400 740
400 558
400 578
400 788
401 403
401 761
401 830
402 615
402 773
402 940
402 546
402 877
402 429
403 406
403 599
403 793
403 997
403 805
404 929
404 573
405 407
405 560
405 651
406 450
406 915
407 693
407 893
408 411
408 829
408 938
408 533
408 577
408 615
409 608
409 542
410 456
410 837
411 484
411 964
411 487
411 479
412 415
412 471
412 455
412 479
412 579
412 672
413 559
413 993
413 892
414 417
414 597
414 828
414 961
415 565
415 867
415 694
416 418
416 921
416 644
417 472
417 640
417 419
418 869
418 949
418 892
418 668
418 699
418 993
418 671
418 815
419 987
419 736
419 940
420 910
420 752
420 818
421 426
421 844
421 786
421 964
421 766
421 574
422 693
422 808
423 943
423 724
424 785
424 611
424 692
425 426
425 428
426 428
426 926
427 461
427 716
428 673
428 491
429 881
430 431
430 810
430 757
430 590
430 851
431 815
432 433
432 979
432 655
432 689
433 969
433 846
433 675
433 653
433 569
434 519
434 984
435 459
435 706
435 593
435 729
435 890
436 438
436 814
436 492
436 896
437 977
438 769
438 906
438 940
439 678
439 895
439 954
439 708
440 674
440 909
440 988
440 824
441 444
442 823
443 584
443 835
443 900
444 489
444 722
444 758
444 768
445 447
445 453
446 566
446 880
446 697
446 586
447 817
447 654
447 736
447 839
447 622
448 772
448 455
449 452
449 568
449 859
450 583
451 600
452 646
452 459
452 552
453 701
453 618
453 898
453 592
453 522
453 481
454 455
454 846
454 476
455 702
455 701
457 578
457 896
458 702
458 906
458 951
458 834
458 907
459 836
460 529
460 559
461 740
461 854
461 598
462 464
462 934
462 841
462 507
462 663
463 495
463 782
463 808
464 786
464 963
465 659
465 893
465 704
465 576
465 740
466 704
466 771
466 769
466 582
466 991
467 469
467 661
467 955
467 843
468 946
468 808
468 638
468 838
469 602
469 707
470 499
470 823
470 893
470 656
471 473
471 916
471 829
471 524
472 715
472 529
473 474
473 990
474 788
474 536
474 742
475 825
475 865
476 890
476 713
476 676
477 657
477 529
477 935
477 982
477 702
478 788
479 927
479 869
480 829
480 654
480 905
481 554
481 792
481 881
482 483
482 484
483 700
483 503
483 972
483 496
483 845
483 878
483 516
484 960
484 502
485 829
485 531
486 531
486 830
487 739
488 716
488 496
488 711
488 532
489 490
489 503
489 579
489 628
490 759
490 959
491 493
491 989
491 602
492 495
492 862
492 530
492 976
493 602
493 502
494 885
495 544
495 584
495 525
496 499
497 930
497 977
497 594
498 696
498 837
499 724
499 913
500 620
500 646
501 504
501 867
502 503
502 793
503 568
503 661
504 585
504 935
504 853
505 789
505 707
506 749
506 773
507 509
507 675
508 617
508 945
508 863
509 512
509 614
509 886
509 565
509 900
510 915
510 763
510 638
511 830
511 861
511 844
511 673
512 770
512 633
513 519
513 652
513 703
513 727
514 549
514 892
514 698
514 648
514 810
515 553
515 671
515 993
515 621
517 718
518 520
518 588
518 985
519 520
520 647
520 715
520 577
520 543
520 531
520 691
521 673
521 744
521 766
521 840
521 911
522 592
522 996
522 633
522 835
523 526
523 881
523 748
524 725
524 999
524 763
524 535
525 702
525 964
526 608
526 936
526 665
526 923
527 528
527 869
527 623
528 992
528 579
528 790
529 532
529 973
529 750
529 972
529 803
530 675
530 632
530 858
530 591
531 534
531 867
531 585
532 533
532 997
532 842
533 651
533 844
533 761
534 536
535 536
535 605
535 538
536 631
536 679
537 870
537 640
537 883
538 540
538 604
538 635
538 974
539 946
539 832
539 937
539 664
539 843
540 790
540 688
540 904
540 608
541 883
541 768
541 884
541 891
542 544
542 545
542 659
542 887
543 867
543 642
543 829
543 547
543 711
544 856
544 569
544 720
544 625
544 900
545 823
545 661
545 978
546 798
546 818
546 884
546 575
547 548
547 549
547 651
548 623
548 949
549 551
549 573
550 552
550 616
550 861
550 624
550 924
551 613
552 574
552 631
553 690
553 856
553 639
553 670
553 979
554 948
555 556
555 941
555 998
556 557
556 986
556 789
557 559
557 656
557 760
557 874
557 925
558 614
559 874
559 916
559 693
560 738
560 772
560 741
561 869
561 801
561 939
561 571
561 690
562 903
562 961
562 579
563 794
563 693
564 578
564 845
565 566
565 952
565 860
566 799
566 933
566 999
567 928
568 749
568 814
568 910
568 972
569 692
570 572
570 694
570 845
571 755
571 772
571 972
572 574
572 647
572 832
573 971
573 654
573 662
573 764
573 743
574 968
575 613
576 579
576 984
576 710
576 797
576 899
577 595
577 688
577 787
577 825
577 989
578 819
578 686
578 867
579 902
579 647
580 583
580 725
580 846
580 690
581 789
581 787
581 828
581 902
582 583
582 893
582 998
582 902
583 585
583 851
583 833
584 630
585 993
586 588
586 784
586 738
586 749
587 618
587 731
587 591
587 890
587 991
588 821
588 600
588 664
588 989
589 591
589 592
589 891
590 669
591 592
591 831
592 595
592 640
593 594
593 783
593 639
594 597
594 718
594 888
595 598
595 847
595 659
596 747
596 646
596 803
596 816
597 598
597 806
598 822
599 956
599 750
599 895
600 973
600 646
600 960
600 969
601 602
601 700
601 880
601 803
601 748
601 785
602 794
602 706
603 867
603 636
604 928
604 888
604 684
605 655
605 874
605 913
605 777
606 768
606 808
606 958
606 658
607 918
607 970
607 973
607 688
608 609
608 619
608 830
608 875
608 778
608 923
609 611
609 948
610 703
610 819
610 867
611 915
611 637
612 615
612 889
613 705
613 812
613 857
613 862
613 869
614 962
614 868
614 967
615 788
615 686
615 760
615 936
615 786
616 888
616 984
617 706
617 789
618 853
618 947
619 980
619 742
621 781
621 975
622 623
622 624
622 780
622 995
623 684
623 765
624 668
624 805
625 657
625 732
625 986
625 844
626 695
626 988
626 683
626 756
627 991
628 843
628 745
628 760
629 786
629 752
630 687
630 949
630 852
630 860
631 697
631 643
631 657
634 687
634 705
634 782
635 636
635 916
635 925
635 992
636 965
636 969
637 733
637 996
637 905
637 763
637 859
638 653
638 913
639 995
639 973
639 742
639 902
640 667
641 833
641 673
641 682
641 720
642 710
642 853
642 691
642 766
643 695
644 668
645 670
646 897
646 743
647 706
649 789
649 932
649 836
650 983
651 790
652 679
652 829
654 991
654 733
655 658
655 906
655 802
656 658
656 913
656 729
656 932
657 721
657 797
657 776
657 959
658 901
658 946
658 719
658 917
659 693
659 822
659 994
660 662
660 940
660 730
661 834
662 680
663 800
664 830
664 953
664 833
665 704
665 850
666 897
666 985
667 668
667 982
668 740
669 670
669 671
669 913
669 687
670 942
670 947
671 825
672 675
672 694
672 949
672 952
673 964
673 759
674 676
674 677
674 824
674 922
674 686
675 803
675 758
676 942
676 978
677 982
678 730
679 875
679 816
679 746
680 821
680 801
680 734
681 919
681 859
682 871
683 876
683 724
683 834
684 685
684 701
685 899
685 698
685 784
686 809
686 947
686 815
686 919
687 689
688 899
688 854
689 995
690 692
691 880
691 774
691 770
691 973
692 694
692 986
692 739
694 936
694 705
694 843
695 812
695 924
695 813
695 782
695 872
696 697
696 878
697 865
697 816
699 857
700 965
700 815
701 709
702 703
702 850
703 855
704 716
704 956
704 733
705 745
707 798
708 709
708 950
708 994
709 993
710 872
710 980
712 904
712 723
712 772
713 810
714 839
714 852
715 995
715 737
715 871
716 977
717 719
717 817
717 784
718 719
718 943
719 892
719 758
720 722
721 724
721 847
722 816
722 756
723 725
723 726
725 774
725 837
726 728
727 862
728 789
728 907
728 891
729 730
729 805
730 885
730 889
731 734
732 734
732 949
732 884
733 883
733 885
733 962
734 736
734 755
734 908
734 875
734 983
735 736
735 830
737 875
739 876
739 902
740 789
741 776
742 949
742 850
743 756
743 984
744 747
744 749
745 848
745 812
746 747
746 945
746 955
747 749
747 750
750 943
750 775
750 974
751 859
751 927
753 858
753 949
754 871
754 936
756 757
756 917
757 978
758 854
759 914
759 811
760 763
760 981
760 875
761 933
761 998
762 845
762 810
762 926
763 942
764 838
765 766
765 768
765 877
766 861
767 769
767 930
767 953
768 769
769 771
769 797
770 773
770 971
770 780
771 959
772 775
773 811
774 886
775 778
775 894
776 864
777 778
777 889
778 888
778 788
779 781
779 901
780 950
781 783
781 953
782 936
783 786
784 868
785 863
785 951
786 833
786 994
790 793
790 814
791 806
791 956
792 793
792 795
792 987
795 818
796 966
798 826
799 894
799 811
800 838
800 979
801 915
802 805
802 872
803 889
804 806
804 910
804 866
806 810
806 841
806 862
806 978
807 808
807 809
808 960
808 896
809 872
810 811
810 813
812 993
813 875
813 996
814 830
814 898
815 991
816 935
819 873
819 978
820 823
820 992
821 943
823 964
825 977
825 853
826 827
827 968
829 875
831 833
832 835
832 954
832 855
833 909
835 904
836 869
836 902
836 975
837 964
838 890
839 928
840 841
840 922
845 953
845 890
847 850
848 939
849 952
849 983
849 912
851 852
851 881
852 853
852 920
854 855
854 971
854 932
855 911
855 914
856 965
857 909
858 944
860 934
863 864
867 873
868 894
870 935
871 878
871 952
873 921
876 877
876 914
877 879
880 923
880 962
882 989
883 885
883 886
884 912
884 948
885 887
885 888
886 889
886 987
887 969
888 889
889 890
891 911
892 925
893 895
894 924
897 900
898 900
901 964
901 976
901 969
902 967
904 922
905 908
912 913
916 956
916 980
918 919
919 987
920 956
921 942
922 940
924 925
928 956
929 960
929 985
930 932
931 932
931 933
932 962
932 938
934 935
935 988
936 979
937 940
938 992
939 942
941 943
942 980
945 952
945 997
948 949
949 952
950 961
950 971
951 953
951 954
951 981
952 953
952 955
953 956
955 957
957 959
958 988
959 985
960 994
963 974
968 970
970 979
970 995
975 991
977 978
977 979
979 982
980 982
986 991
987 998
991 993
996 997
997 999
998 999
