0 2
0 116
0 982
0 157
0 768
1 999
1 998
1 272
1 828
1 776
1 691
1 318
2 958
2 904
2 569
2 214
3 6
3 782
3 411
4 5
4 318
4 639
4 119
4 206
4 327
4 232
4 277
4 770
5 8
5 728
5 305
5 905
5 565
6 540
6 687
6 900
6 241
6 289
6 144
7 10
7 840
7 926
8 9
8 296
8 505
8 480
8 100
8 499
8 134
9 10
9 651
9 958
10 13
10 825
10 168
10 186
10 54
11 14
11 743
11 359
11 911
11 443
11 179
11 184
12 13
12 15
12 767
12 516
13 14
13 242
13 911
13 255
13 97
14 15
14 16
14 302
14 554
14 882
14 701
14 431
15 16
15 739
15 850
15 186
16 727
16 233
16 439
16 968
17 18
17 19
17 987
17 992
17 727
18 778
18 532
18 149
18 163
18 113
19 20
19 22
19 86
19 380
19 926
20 219
20 298
20 215
20 686
20 949
21 22
21 23
21 535
21 617
21 859
21 245
22 153
22 126
22 762
22 75
22 674
23 26
23 599
23 978
24 752
24 920
24 306
24 575
24 903
24 693
24 401
25 28
25 326
25 677
25 523
25 529
25 706
26 28
26 29
26 347
26 758
27 28
27 30
27 976
27 86
28 29
28 31
28 344
28 32
29 32
29 740
29 673
29 124
30 557
30 283
30 597
30 209
30 337
31 780
31 774
31 990
32 35
32 690
32 547
32 162
32 997
33 34
33 179
33 953
33 466
33 437
34 567
34 498
34 442
34 103
35 458
35 559
35 124
35 312
35 264
36 37
36 38
36 39
36 137
36 106
36 736
36 600
36 881
37 38
37 39
37 749
37 991
38 41
38 606
38 92
38 957
38 44
38 179
38 210
39 40
39 42
39 792
39 611
40 41
40 42
40 907
40 571
40 377
40 472
41 42
41 43
41 44
41 157
42 45
42 785
42 410
42 762
42 635
42 897
43 44
43 46
43 736
43 120
43 409
43 70
43 798
44 790
44 632
44 609
44 365
44 780
44 517
45 48
45 870
45 325
45 382
46 48
46 336
46 380
46 488
46 990
47 48
47 491
47 262
47 510
47 597
48 50
48 690
48 319
48 962
48 963
48 255
49 52
49 855
49 389
49 645
49 960
49 678
50 52
50 458
50 139
50 715
50 832
51 54
51 676
51 933
51 98
52 55
52 700
52 919
52 372
52 473
52 646
53 55
53 56
53 66
53 920
53 477
53 581
53 839
54 55
54 683
54 260
54 278
55 151
55 965
55 927
55 272
56 57
56 58
56 374
56 387
56 807
56 899
56 176
56 480
56 795
57 60
57 450
57 230
57 260
57 910
57 955
57 241
57 325
58 60
58 61
58 517
58 453
59 60
59 241
59 398
59 125
59 619
59 762
59 491
60 62
60 63
60 126
60 691
60 496
61 63
61 590
61 486
61 218
61 666
61 835
61 964
62 674
62 668
62 708
62 694
62 904
63 64
63 105
63 326
63 830
63 902
64 65
64 67
64 623
64 886
65 561
65 420
65 190
65 963
65 753
66 69
66 639
66 346
66 937
66 84
66 254
67 114
67 815
67 78
67 533
67 326
68 69
68 626
68 979
68 364
69 70
69 805
69 551
69 130
69 358
69 848
70 72
70 109
70 945
71 507
71 181
71 743
71 969
72 73
72 845
72 454
72 590
72 369
73 489
73 678
73 586
73 714
73 887
74 788
74 803
74 680
74 529
74 300
74 489
74 892
75 892
75 604
75 923
76 302
76 651
76 838
77 79
77 278
77 894
77 569
78 81
78 777
78 158
79 450
79 294
79 320
79 704
79 840
79 480
80 261
80 432
80 511
80 865
80 774
80 989
81 592
81 788
81 382
82 83
82 84
82 192
83 85
83 86
83 441
83 102
84 85
84 216
84 269
84 667
84 313
84 717
85 88
85 410
85 585
85 299
85 538
86 87
86 88
86 869
87 90
87 969
87 872
87 665
88 836
88 125
88 417
89 91
89 92
89 170
89 390
89 747
90 457
90 322
90 173
90 344
90 365
91 313
91 980
91 751
91 345
92 861
92 928
92 924
92 776
92 780
93 95
93 916
93 133
93 457
93 605
94 97
94 776
94 740
94 833
95 246
95 693
95 229
95 716
95 405
96 97
96 210
96 199
96 691
97 99
97 440
97 271
97 375
98 101
98 708
98 618
98 930
98 268
99 912
99 336
99 999
99 805
99 270
99 402
100 467
100 449
100 892
100 102
101 949
101 380
101 995
102 103
102 104
102 419
102 940
102 243
102 731
103 106
103 737
103 808
103 835
103 690
104 106
104 722
104 773
104 146
104 489
104 554
104 362
104 484
105 432
105 676
105 617
105 379
105 607
105 218
106 107
106 109
107 109
107 110
107 236
107 124
107 717
107 269
107 357
108 969
108 774
108 459
108 709
108 740
109 110
109 111
109 335
109 119
109 334
109 288
110 111
110 112
110 982
110 753
110 207
111 114
111 353
111 784
111 132
111 328
111 508
112 115
112 119
112 939
112 359
113 114
113 160
113 848
113 147
114 708
114 553
114 812
114 816
115 116
115 117
115 118
115 452
116 117
116 118
116 119
116 954
117 234
117 855
117 320
117 325
117 427
117 541
117 908
118 119
118 120
118 121
118 359
119 122
119 157
119 760
119 405
120 413
120 746
120 205
120 986
121 387
121 901
121 537
121 837
121 575
121 392
122 123
122 395
122 994
122 512
122 284
122 530
123 272
123 254
123 615
123 950
124 476
125 593
125 416
125 235
125 633
125 687
126 127
126 671
126 584
126 779
126 185
127 129
127 130
127 258
127 234
127 919
128 471
128 949
128 413
128 434
128 763
129 131
129 591
129 700
129 904
130 934
130 165
130 492
130 611
130 344
131 133
131 395
131 332
131 229
131 215
132 133
132 706
132 744
132 983
132 518
133 921
133 216
133 296
133 400
133 408
134 137
134 410
134 827
134 280
134 257
135 138
135 789
135 441
135 719
136 912
136 364
136 800
136 381
136 506
136 649
136 657
137 140
137 793
137 925
137 580
137 639
138 140
138 141
138 211
138 409
139 689
139 757
139 579
139 625
139 837
140 142
140 598
140 905
140 866
141 465
141 555
141 409
141 794
141 981
142 683
142 584
142 226
142 262
142 550
142 248
142 501
143 145
143 925
143 755
143 689
143 156
143 868
144 837
144 321
144 559
144 281
145 146
145 147
145 148
146 841
146 423
146 241
146 339
146 666
146 904
147 148
147 150
147 967
147 439
147 693
148 151
148 752
148 721
148 287
148 293
149 150
149 152
149 678
150 153
150 874
150 890
151 152
151 153
151 318
151 556
151 476
152 155
152 698
152 704
152 901
153 154
153 155
153 156
154 653
154 479
154 527
154 448
154 297
154 420
155 157
155 415
155 313
155 570
155 874
155 641
155 487
155 698
156 157
156 540
156 203
156 360
156 817
157 161
157 521
157 398
158 411
158 558
158 758
158 178
159 552
159 333
159 408
160 161
160 163
160 259
160 530
160 960
160 643
160 464
161 163
161 350
161 818
161 464
161 548
162 401
162 708
162 575
162 425
162 818
163 166
163 425
163 877
163 616
163 918
163 956
163 811
164 167
164 377
164 929
165 167
165 721
165 544
166 167
166 951
166 536
166 409
166 789
167 168
167 170
167 303
168 171
168 718
168 762
169 171
169 782
169 910
169 528
169 766
170 173
170 892
170 880
170 328
171 174
171 336
171 986
171 288
171 858
172 175
172 314
172 668
173 698
173 240
173 308
173 511
173 767
173 488
174 177
174 361
174 320
174 407
174 595
174 299
175 176
175 177
175 462
175 579
175 278
175 369
176 177
176 594
176 891
176 621
176 904
177 178
177 179
177 722
177 696
178 180
178 774
178 327
178 281
180 182
180 183
180 515
180 236
181 182
181 183
181 659
181 830
182 916
182 673
182 215
182 866
183 184
183 444
183 541
183 868
183 611
184 187
184 222
184 335
185 186
185 187
185 410
185 692
185 875
186 189
186 739
187 189
187 928
187 933
188 757
188 452
188 190
188 275
188 599
189 190
189 191
189 279
189 509
189 584
190 549
190 778
190 735
191 194
191 225
191 870
191 885
192 195
192 674
192 223
192 269
192 310
192 799
193 194
193 196
193 357
193 573
193 812
194 196
194 953
194 295
194 400
194 324
195 198
195 514
195 516
196 197
196 774
196 713
196 245
196 880
197 568
197 764
197 298
197 885
198 791
198 344
198 940
199 200
199 201
199 520
199 563
199 805
200 202
200 203
200 996
200 225
200 402
201 202
201 204
201 254
201 251
202 204
202 283
202 271
203 525
203 493
203 851
203 350
204 206
204 391
204 236
204 960
204 783
204 527
205 547
205 283
205 674
205 756
205 831
206 207
206 804
206 495
207 209
207 682
207 239
207 719
207 683
207 647
208 448
208 814
208 353
208 521
209 412
209 806
209 681
209 409
210 733
210 502
210 354
210 889
210 475
211 751
211 268
211 858
211 663
211 611
211 783
211 851
212 213
212 784
212 774
213 214
213 362
213 654
213 969
213 763
214 834
214 551
214 538
215 476
215 493
216 219
216 291
216 308
217 531
217 498
217 508
217 992
217 972
218 790
218 769
218 947
219 220
219 222
219 227
219 592
219 512
219 634
220 516
220 369
220 601
220 842
220 470
220 690
221 222
221 526
221 337
221 675
221 272
222 223
222 554
222 363
222 305
223 225
223 390
223 246
224 390
224 338
224 613
224 710
225 360
225 418
225 727
225 646
226 227
226 479
226 355
226 640
226 539
227 230
227 638
227 321
228 231
228 939
228 932
229 232
229 679
229 531
229 621
230 485
230 672
230 759
231 233
231 859
231 542
231 753
231 842
231 716
231 790
232 233
232 234
232 447
233 235
233 575
233 245
233 810
234 235
234 407
234 875
235 926
235 634
235 644
235 757
236 626
236 738
236 728
237 678
237 243
237 704
237 955
237 388
238 608
238 824
238 261
238 365
238 266
238 987
239 464
239 868
239 340
239 971
239 605
239 827
240 413
240 411
240 843
241 769
241 594
241 966
241 577
242 243
242 883
242 779
243 904
243 730
243 505
244 247
244 604
244 756
244 442
244 573
245 246
245 420
245 416
245 890
246 558
246 326
246 483
246 746
247 250
247 355
247 516
248 251
248 952
248 411
248 385
249 252
249 751
249 761
249 385
249 507
250 251
250 405
250 920
250 620
250 473
251 253
251 906
251 733
251 863
252 254
252 557
252 426
253 254
253 255
253 256
253 524
254 790
254 344
255 256
255 258
255 375
255 486
255 317
255 387
256 258
256 863
256 624
256 993
257 258
257 260
257 431
258 259
258 546
258 971
259 262
259 753
259 954
260 456
260 802
260 303
260 627
260 967
261 262
261 264
261 517
261 524
261 490
262 263
262 776
262 276
263 266
263 502
263 276
263 709
263 975
263 867
263 510
263 654
264 265
264 914
265 412
265 740
265 807
265 719
266 268
266 832
266 615
266 692
266 633
266 748
267 268
267 270
267 427
267 569
268 999
268 969
268 773
268 948
269 271
269 278
269 968
270 930
270 631
270 343
270 289
270 481
271 272
271 274
271 345
272 274
272 680
272 546
272 881
272 291
273 453
273 763
273 292
273 808
274 275
274 276
274 908
274 787
274 457
274 352
274 545
275 361
275 571
275 869
275 876
276 489
276 975
276 815
276 990
277 563
277 715
277 446
277 749
278 763
278 855
278 396
278 580
278 947
278 301
278 917
279 609
279 758
279 390
280 283
280 326
280 405
280 946
280 663
281 282
281 284
281 637
281 529
281 950
282 285
282 339
282 461
282 516
282 320
283 286
283 918
283 532
283 775
284 285
284 561
284 772
284 810
285 288
285 673
285 305
285 323
286 289
286 965
286 299
286 602
287 290
287 459
287 791
287 842
288 289
288 290
288 772
289 290
289 292
289 463
289 508
289 785
289 880
290 993
290 411
290 547
290 746
291 523
291 359
291 422
292 295
292 833
292 593
292 414
293 956
293 418
293 445
293 537
294 297
294 502
294 738
294 856
295 704
295 820
296 299
296 471
297 486
297 309
297 408
297 589
297 872
298 300
298 392
298 730
299 708
299 870
299 702
299 361
299 517
300 768
300 660
300 413
300 730
301 303
301 611
301 936
302 914
302 759
302 936
302 909
303 304
303 571
303 809
304 307
304 826
304 854
304 927
305 307
305 308
305 485
306 307
306 309
306 503
307 310
307 486
307 546
307 647
308 309
308 671
308 707
309 311
309 312
309 936
309 966
310 313
310 723
310 484
311 313
311 314
311 370
311 661
311 396
311 956
312 315
312 523
312 380
313 316
313 504
313 761
314 316
314 362
314 992
315 317
315 916
315 814
315 744
315 805
315 521
316 317
316 318
316 363
316 747
316 652
316 718
317 318
317 393
317 437
317 514
318 321
318 424
318 899
319 514
319 634
319 603
320 740
320 348
320 593
320 595
321 497
322 323
322 564
322 903
323 325
323 416
323 997
323 379
323 697
324 325
324 895
324 556
325 946
326 537
327 896
327 942
327 490
327 732
327 878
328 329
328 786
329 331
329 517
329 968
329 583
330 980
330 802
330 727
330 519
330 448
330 797
331 333
331 609
331 926
332 636
332 994
333 334
333 473
333 620
333 944
333 834
334 337
334 761
334 647
334 866
334 792
334 377
335 337
336 338
336 610
336 636
336 586
336 724
337 338
337 457
337 459
337 732
338 698
338 374
338 339
339 341
339 378
339 646
340 664
340 577
340 891
340 399
340 703
341 342
341 343
341 944
342 344
342 528
342 470
342 705
342 404
343 988
343 678
343 981
343 982
344 441
344 779
344 492
345 348
345 572
345 998
346 716
346 778
346 888
347 348
347 448
347 643
348 350
348 708
349 352
349 387
349 989
350 556
350 356
350 564
350 514
350 799
351 867
351 560
351 414
351 497
352 392
352 368
353 354
353 479
354 357
354 911
354 712
355 356
355 972
355 665
356 787
356 578
357 358
357 952
358 360
358 869
358 838
360 552
360 441
361 738
361 983
361 748
361 937
361 918
362 364
362 605
362 643
362 980
363 558
363 387
364 369
364 993
364 814
365 428
365 926
365 688
366 367
366 368
366 878
366 760
367 370
367 561
367 859
367 651
368 369
368 370
368 592
368 726
368 941
368 531
369 371
369 543
369 703
369 916
370 372
370 964
370 488
370 604
370 748
371 373
371 374
371 423
371 975
372 538
372 410
372 461
372 832
373 375
373 376
373 616
374 375
374 377
374 969
375 377
375 840
376 377
376 378
376 379
376 729
377 378
377 512
378 380
378 381
378 459
379 380
380 493
380 483
380 525
381 384
381 558
381 904
381 994
382 384
382 747
382 758
383 385
383 386
383 587
383 583
384 386
384 387
384 646
384 835
384 915
385 932
385 454
385 670
386 388
386 788
386 914
387 388
387 728
387 879
388 390
388 391
388 991
388 556
389 392
389 749
389 893
390 393
390 721
390 891
391 392
391 403
391 815
391 670
392 674
392 468
392 913
392 603
393 395
393 396
393 844
393 869
394 397
394 410
394 579
394 847
395 398
395 564
395 554
396 888
396 553
396 913
397 399
397 613
397 439
397 751
397 742
398 399
398 400
398 651
399 808
399 728
400 403
400 473
401 855
401 513
401 762
402 403
403 406
403 842
404 664
404 445
404 626
404 690
405 408
405 444
405 751
406 409
406 957
406 586
406 965
407 409
407 826
408 409
409 936
410 412
410 766
410 778
411 412
411 413
411 433
411 752
411 505
412 414
412 415
412 734
412 750
413 971
414 692
414 684
414 601
415 416
415 417
415 599
415 638
415 914
416 699
416 461
416 932
416 420
417 418
417 419
417 754
417 940
417 834
418 984
418 592
418 903
419 422
419 710
420 665
420 978
421 422
421 650
421 664
421 861
421 548
421 574
421 492
422 423
422 471
422 543
422 589
423 424
423 461
423 800
424 470
424 831
424 622
425 427
425 535
425 696
425 725
426 427
426 429
426 707
426 443
426 952
427 486
427 568
427 811
427 873
428 430
428 431
428 848
428 875
428 685
428 658
429 431
429 432
429 982
429 614
429 684
429 798
429 498
429 963
430 431
430 432
430 900
430 618
431 434
431 718
432 954
432 957
433 435
433 436
434 525
434 787
435 436
435 921
435 840
436 437
436 439
436 543
437 438
437 440
438 441
438 862
438 614
438 756
439 441
439 585
439 913
439 921
439 632
440 441
440 442
440 696
440 543
440 738
441 992
441 974
441 812
442 824
442 745
442 705
443 444
443 761
443 673
443 688
444 447
444 527
444 707
445 446
445 645
445 591
446 516
446 810
446 905
446 958
446 507
446 692
447 449
447 775
447 759
447 517
448 449
448 450
449 451
449 452
450 452
450 697
450 873
450 815
450 966
451 453
451 754
451 465
451 795
451 781
451 838
452 453
452 455
453 463
453 913
454 539
455 458
455 711
455 713
456 458
456 476
456 906
456 587
456 802
456 962
456 969
457 459
457 618
458 460
458 472
458 499
458 846
458 568
458 502
459 687
459 763
460 461
460 985
460 777
460 626
461 463
461 643
461 570
462 463
462 959
462 675
463 465
463 466
463 824
463 861
463 864
464 945
464 537
465 466
465 560
465 886
466 468
466 469
466 708
466 633
466 540
466 644
467 469
467 470
467 759
467 857
468 471
468 589
468 548
468 781
468 799
469 472
469 892
469 495
470 935
470 615
470 921
470 873
470 855
471 730
471 769
472 473
472 537
472 570
472 874
473 596
473 605
474 475
474 704
474 908
474 729
474 789
474 968
475 547
475 833
476 479
476 518
476 708
477 480
477 605
477 495
477 686
477 938
478 479
478 480
478 560
478 961
478 989
479 481
479 948
479 978
480 482
480 910
481 483
481 564
482 485
482 822
482 909
483 486
483 542
483 958
484 485
484 486
485 866
485 971
485 638
486 488
486 489
487 581
487 577
487 776
487 801
488 489
489 786
490 491
490 493
491 492
491 949
491 980
492 493
492 494
492 772
492 821
493 494
493 815
494 495
494 496
494 497
495 496
495 498
495 664
496 498
496 932
497 697
497 799
497 646
497 726
498 510
499 502
499 561
499 645
499 803
500 501
500 503
500 583
500 672
501 502
501 503
501 562
502 660
502 606
502 912
503 504
503 506
503 822
504 506
504 507
504 702
504 542
504 565
504 599
505 669
505 659
506 746
506 916
506 768
506 928
507 508
507 541
509 897
509 893
509 952
510 683
510 573
511 514
511 965
511 998
511 946
512 515
512 621
513 516
513 840
513 883
514 516
515 517
515 641
515 705
516 517
516 871
516 937
517 616
517 769
517 856
518 520
518 901
518 678
518 903
519 522
519 846
519 558
519 759
519 609
519 624
520 522
520 523
521 522
521 862
521 612
521 919
521 634
522 524
522 525
522 753
523 641
523 941
523 603
523 694
523 977
524 526
524 631
525 526
525 527
525 656
526 528
526 815
528 530
528 804
528 836
528 768
529 985
530 668
530 887
530 984
531 533
531 618
532 533
532 535
533 534
533 536
533 611
533 788
534 537
534 964
534 894
534 717
534 608
535 538
535 737
535 653
535 914
535 829
535 747
536 538
536 539
536 736
536 711
537 540
537 753
538 539
538 705
539 982
539 948
540 543
540 723
540 712
540 764
541 869
542 996
542 880
543 546
543 902
544 546
544 547
544 690
544 763
545 546
545 547
545 619
545 910
546 549
546 953
546 957
547 549
547 902
547 745
547 991
548 549
548 854
549 550
549 551
549 552
550 993
550 765
550 936
551 552
551 553
551 554
552 989
552 750
552 870
553 554
553 555
553 797
553 837
554 996
554 873
554 831
555 863
555 944
555 837
556 559
557 560
557 761
557 873
557 943
558 561
558 917
558 784
559 561
559 625
559 724
559 960
560 836
561 562
561 570
562 565
562 871
563 565
563 566
563 677
563 752
563 915
563 620
563 688
564 566
564 567
565 567
566 567
566 947
566 707
566 859
567 807
567 995
567 623
568 570
568 943
568 876
569 570
571 909
571 938
571 841
572 573
572 652
572 783
572 987
574 870
574 928
574 625
575 578
576 577
576 579
576 853
576 948
577 578
577 709
578 580
578 968
578 660
579 580
579 853
580 581
580 934
581 582
581 788
581 647
582 584
582 585
582 914
583 893
583 648
583 680
584 700
584 738
584 766
585 688
585 599
585 880
585 755
585 806
586 948
586 795
586 936
587 590
587 611
588 589
588 590
588 924
588 636
589 728
590 593
590 631
590 751
590 946
590 978
591 593
591 861
591 864
591 979
592 782
592 835
592 695
593 594
593 595
593 955
594 596
594 597
595 643
595 794
596 599
596 827
596 977
597 965
597 628
598 599
598 600
598 601
599 765
599 734
600 601
600 859
600 741
601 895
601 934
601 735
602 603
602 800
602 844
603 779
604 607
604 775
606 688
606 876
607 608
607 610
607 882
608 835
608 741
608 814
609 611
610 612
610 613
611 612
612 613
612 614
612 669
613 614
613 954
613 718
614 955
614 815
615 617
615 618
615 997
615 637
616 619
617 620
617 978
617 985
617 695
617 654
618 620
618 807
619 795
619 927
619 735
619 691
620 623
621 622
621 623
622 624
622 882
622 822
622 971
623 626
623 789
623 768
623 949
623 908
624 625
624 660
624 974
625 892
625 722
625 889
626 939
626 637
626 853
627 629
627 630
627 633
628 631
628 787
629 630
629 933
629 734
629 704
630 631
630 632
630 720
630 890
630 694
631 633
631 634
632 634
632 663
634 902
635 636
635 783
635 964
636 637
636 639
637 639
637 995
638 639
638 641
638 816
639 973
640 642
640 643
640 731
640 912
641 644
641 720
642 644
642 998
642 831
643 644
643 859
644 653
645 647
645 664
645 867
646 647
646 931
646 769
648 775
648 973
648 968
648 893
649 650
649 651
649 819
650 652
650 653
651 931
652 777
652 869
653 976
653 808
653 667
655 656
655 657
655 883
655 672
656 658
656 980
656 675
657 662
657 791
658 659
658 660
659 781
659 976
660 663
660 876
660 677
660 852
661 662
661 664
662 663
662 664
662 665
663 666
663 843
664 945
665 823
665 959
666 667
667 668
667 694
668 670
668 702
669 672
669 758
669 990
669 897
669 934
670 672
670 854
671 672
671 673
671 809
671 974
672 673
672 740
672 732
673 676
673 854
674 675
674 676
675 676
675 678
676 679
676 728
677 679
677 680
679 681
679 842
679 834
679 972
679 917
680 940
681 684
681 701
682 683
682 684
682 685
683 686
683 950
684 737
684 986
684 882
685 686
685 783
686 902
687 690
687 880
688 691
688 737
689 692
690 691
690 693
693 831
694 695
694 929
695 738
696 699
696 993
697 698
697 699
697 884
698 699
698 812
698 871
699 702
699 948
700 780
700 987
701 702
701 829
701 713
702 704
702 705
702 981
703 714
703 841
703 940
703 842
704 821
704 827
705 708
705 888
705 901
706 919
706 797
707 827
708 709
708 710
708 758
709 712
710 712
710 837
710 736
710 820
711 836
711 979
711 749
712 713
712 973
712 745
712 755
713 716
713 943
713 809
714 717
715 718
715 720
716 754
716 753
718 720
718 767
719 853
720 723
720 941
720 863
721 723
721 724
722 725
723 725
723 974
724 726
724 756
725 726
725 966
726 728
726 754
727 728
728 841
729 732
730 731
730 939
731 733
732 875
732 979
733 735
733 736
734 737
734 867
734 843
735 736
736 739
736 918
737 999
739 741
739 742
740 849
740 957
741 743
741 744
741 981
742 743
742 744
742 784
743 744
743 793
744 747
744 754
745 791
745 764
745 962
748 749
749 802
749 844
750 752
750 789
751 753
751 800
752 754
752 958
754 757
756 767
757 758
757 759
757 760
760 762
760 995
761 764
762 764
762 912
763 882
763 982
765 768
766 767
767 770
767 984
770 771
770 772
771 955
771 940
771 907
772 921
773 776
774 777
774 932
775 776
777 778
777 780
778 872
778 804
779 780
779 782
779 941
779 894
780 914
781 782
781 960
782 783
782 785
783 784
783 796
784 785
785 787
785 987
786 787
786 788
787 790
787 901
787 936
788 879
789 790
789 887
789 948
789 847
790 791
790 792
791 792
791 823
791 830
792 794
792 795
793 795
793 796
793 896
794 797
794 879
796 798
796 880
796 978
796 864
796 999
797 799
798 800
798 922
799 802
799 816
800 848
800 884
801 802
801 804
802 938
803 804
803 805
804 805
806 807
806 820
806 826
806 872
807 808
809 837
811 862
811 985
812 813
813 814
813 815
813 816
814 816
814 906
816 817
817 818
817 820
817 864
818 819
819 821
819 822
820 821
820 983
820 993
820 825
821 822
822 823
823 825
823 826
823 924
824 827
824 905
825 827
825 889
826 827
826 829
827 863
827 942
828 830
828 946
829 832
830 831
830 933
831 834
831 990
832 833
832 834
833 834
833 836
833 977
834 836
834 941
835 838
835 975
836 885
836 849
836 898
837 966
838 839
839 841
839 976
840 971
841 860
841 879
843 846
844 878
844 853
844 988
845 846
845 848
845 921
846 879
846 938
846 901
847 923
847 901
849 852
849 885
850 851
850 853
850 931
851 852
852 855
852 908
852 899
854 893
854 895
855 857
856 857
856 970
856 928
856 924
857 858
857 859
858 859
858 860
860 861
860 862
860 970
860 968
861 921
862 864
862 865
862 885
863 886
864 866
865 866
865 969
865 966
866 868
867 868
867 870
870 873
870 919
871 873
871 936
872 874
874 920
875 877
876 879
876 895
877 879
877 880
878 879
878 984
879 880
881 883
883 885
883 886
884 886
885 919
886 888
887 999
888 889
888 890
889 953
890 892
890 897
891 894
891 909
892 894
892 905
894 895
894 896
895 898
896 951
896 972
897 898
898 899
898 900
898 901
899 901
900 913
901 991
902 903
903 904
903 969
906 909
907 908
907 910
909 911
910 913
910 929
911 914
912 914
913 914
915 918
916 917
916 919
917 923
918 919
919 989
920 948
921 922
922 924
922 925
923 924
923 925
923 926
925 927
925 928
925 956
926 927
927 955
928 930
929 932
930 978
931 932
931 934
932 933
932 935
933 935
933 936
933 940
934 937
935 937
935 938
938 939
939 940
939 942
940 943
941 943
942 944
943 944
943 945
944 945
944 947
945 982
946 961
947 948
949 950
949 951
949 952
950 952
951 954
952 953
952 955
952 977
953 955
953 956
954 957
954 989
958 959
958 961
959 961
961 962
961 964
963 964
964 965
964 966
965 968
967 969
969 971
970 971
970 973
972 973
972 996
973 975
973 976
974 975
976 977
976 979
981 982
983 986
985 988
986 988
987 988
988 989
988 990
990 992
991 992
992 993
992 994
992 995
993 996
994 995
995 997
995 998
