0 1
0 998
0 997
0 565
0 972
1 2
1 999
1 965
1 747
1 249
1 259
2 3
2 5
2 999
2 611
2 915
3 504
3 638
3 910
4 5
4 6
4 7
5 6
5 7
5 8
6 7
6 684
6 544
6 183
6 820
7 8
7 9
7 387
8 9
8 10
8 11
8 550
9 10
9 11
9 12
10 11
10 12
10 290
10 204
11 13
11 14
11 993
12 13
12 563
12 16
12 794
13 15
13 812
13 756
14 15
14 16
14 701
14 192
15 17
15 94
15 212
15 135
15 381
16 17
16 593
16 710
17 52
17 708
17 195
17 745
18 19
18 249
18 46
19 20
19 400
19 681
20 21
20 22
20 301
21 22
21 181
21 594
22 23
22 25
22 34
23 24
23 43
23 46
23 394
23 408
24 25
24 850
24 552
25 26
25 27
25 34
25 51
26 28
26 29
26 646
26 173
27 28
27 30
27 401
27 354
28 29
28 30
28 31
28 704
28 574
29 30
29 31
29 32
29 324
30 31
30 32
30 33
30 948
30 342
31 33
31 868
31 104
32 34
32 35
32 334
32 914
33 34
33 35
33 685
33 703
33 183
34 36
34 37
34 864
35 36
35 38
35 581
35 888
35 191
36 37
36 38
36 39
37 38
37 39
37 40
37 405
37 782
38 41
38 154
38 967
38 585
39 40
39 41
39 510
40 43
40 610
40 227
40 687
41 42
41 43
41 44
41 371
42 43
42 44
42 45
42 364
43 44
43 45
43 956
44 45
44 46
44 47
44 341
45 46
45 47
45 48
45 868
46 47
46 49
47 49
47 50
47 609
47 208
47 709
48 49
48 51
48 287
49 50
49 52
49 185
50 51
50 52
50 53
50 157
50 338
50 625
50 599
51 52
51 53
51 852
52 53
52 553
52 777
52 861
52 980
52 984
53 54
53 56
53 784
54 55
54 56
54 57
55 56
55 404
55 622
55 992
56 58
56 59
56 781
56 147
56 616
57 59
57 60
57 341
57 261
58 59
58 61
58 911
58 804
59 60
59 61
59 162
59 211
59 616
59 587
60 61
60 62
60 419
60 108
61 62
61 63
61 64
61 92
61 645
62 63
62 270
62 808
63 64
63 65
63 66
64 65
64 66
64 67
65 67
65 393
65 480
66 67
66 68
66 495
67 68
67 69
67 70
68 69
68 70
68 71
68 760
69 70
69 72
69 160
69 607
70 71
70 73
70 266
70 650
71 72
71 73
71 74
72 73
72 74
72 591
73 74
73 76
73 520
74 76
74 77
74 781
74 787
75 76
75 77
75 490
76 78
76 79
76 576
76 224
76 271
77 78
77 80
77 586
77 892
78 79
78 81
78 464
78 123
79 80
79 81
79 82
80 81
80 82
80 83
81 82
81 84
81 204
81 256
81 890
81 495
82 83
82 84
82 85
83 84
83 85
83 86
83 197
83 404
84 87
84 663
84 675
85 86
85 87
85 786
85 920
85 161
85 166
85 502
86 87
86 88
86 390
86 423
87 88
87 89
87 90
88 89
88 90
88 91
88 600
88 782
89 90
89 91
89 92
89 603
90 91
90 92
90 93
90 508
91 92
91 93
91 94
91 328
92 93
92 667
93 96
93 965
93 792
94 95
94 97
94 737
95 96
95 97
95 803
95 524
95 885
96 97
96 98
96 99
97 98
97 100
97 544
97 833
98 99
98 100
98 101
98 595
99 101
99 198
99 941
100 101
100 102
100 103
100 793
101 102
101 103
101 104
102 103
102 104
102 105
102 674
103 104
103 105
103 106
103 633
103 848
104 105
104 106
104 107
104 243
105 106
105 107
105 108
105 131
106 107
106 108
106 109
106 514
107 108
107 109
107 110
107 140
108 110
108 111
108 178
109 111
109 112
109 311
109 115
110 111
110 113
110 283
110 783
111 112
111 113
111 532
111 754
111 969
111 439
112 113
112 114
112 683
112 711
113 115
113 950
113 291
113 579
114 116
114 117
114 415
115 116
115 165
115 605
116 117
116 128
116 713
117 118
117 119
117 120
117 387
118 411
118 957
118 746
118 409
119 120
119 122
119 325
119 276
120 121
120 123
120 974
121 296
121 892
121 671
122 123
122 124
122 125
123 124
123 125
123 988
124 125
124 126
124 127
124 194
125 127
125 199
125 758
125 782
125 975
126 127
126 129
126 243
126 855
126 756
126 278
127 128
127 129
127 130
128 129
128 130
128 958
128 459
129 130
129 131
129 132
129 674
129 811
129 358
130 131
130 132
130 497
131 132
131 134
132 133
132 134
132 135
133 134
133 135
133 690
133 896
133 928
133 680
134 136
134 137
134 622
135 136
135 137
135 862
135 469
135 875
136 137
136 139
136 170
137 139
137 140
137 318
138 139
138 140
138 141
139 140
139 141
139 142
140 142
140 143
141 143
141 144
141 324
141 294
142 143
142 144
142 422
143 144
143 145
143 146
143 791
144 147
144 613
144 552
145 146
145 147
145 148
146 148
146 149
146 982
147 602
147 228
147 949
148 149
148 150
148 151
149 150
149 151
149 874
150 152
150 153
150 734
150 468
150 520
150 410
151 153
151 154
151 903
152 153
152 154
152 725
153 154
153 155
153 894
154 155
154 156
154 275
155 157
155 158
155 244
155 511
155 824
156 157
156 158
156 159
156 311
157 158
157 464
157 295
157 656
158 159
158 160
158 161
159 161
159 767
159 724
159 974
160 161
160 162
160 163
161 162
161 163
161 164
161 316
162 164
162 165
163 164
163 166
163 759
164 165
164 166
164 167
164 290
164 996
165 166
165 167
165 451
165 882
166 167
166 452
166 647
167 169
167 170
167 604
167 324
168 169
168 171
168 569
169 170
169 171
169 450
170 171
170 172
170 173
170 666
170 967
171 172
171 173
171 174
172 173
172 174
172 960
172 367
173 175
173 176
173 251
174 176
174 177
174 703
175 410
175 327
175 754
175 779
176 179
176 538
176 943
177 178
177 179
177 180
178 179
178 181
178 333
179 180
179 181
179 739
179 529
180 181
180 182
180 183
181 182
181 183
181 184
182 183
182 247
182 690
182 594
183 184
183 850
183 815
184 185
184 186
184 187
185 186
185 187
185 201
185 869
186 188
186 189
186 456
187 188
187 189
187 190
188 189
188 847
188 897
188 391
189 190
189 191
189 375
189 620
190 191
190 193
190 863
191 192
191 193
192 193
192 194
193 194
193 195
193 358
194 196
194 234
195 196
195 198
196 197
196 198
196 199
197 198
197 200
198 199
198 200
198 201
198 567
199 201
199 202
199 296
200 202
200 203
200 707
200 221
200 369
201 202
201 203
201 204
201 579
201 305
202 204
202 205
202 876
202 719
203 204
203 205
203 206
204 759
205 206
205 876
205 211
206 207
206 208
206 697
206 485
207 208
207 210
207 831
208 209
208 210
208 864
209 210
209 211
209 212
210 211
210 212
210 213
211 212
211 214
212 214
212 640
213 214
213 215
213 216
214 215
214 216
214 217
215 216
215 217
215 543
216 217
216 218
216 219
217 218
217 331
217 772
218 220
218 221
218 555
219 222
219 410
219 241
219 703
220 221
220 222
220 223
221 223
221 224
222 224
222 225
222 610
222 240
223 224
223 225
223 258
224 227
224 915
224 323
225 227
225 858
225 476
225 423
226 227
226 228
226 229
227 228
227 229
227 230
227 848
228 229
228 230
228 785
229 232
229 628
229 714
230 231
230 232
230 233
230 550
231 232
231 233
231 234
231 256
231 677
232 233
232 235
232 600
233 234
233 235
233 236
233 351
233 860
234 235
234 236
234 799
234 701
235 236
235 237
235 974
236 237
236 238
236 239
237 238
237 240
237 485
237 852
238 240
238 366
238 929
238 304
238 453
238 921
239 240
239 241
239 242
240 242
240 243
240 546
241 242
241 243
241 244
241 983
242 244
242 619
242 999
243 552
243 551
243 781
244 246
244 247
244 430
245 247
245 248
245 819
245 391
245 561
246 247
246 248
246 249
247 249
247 250
247 685
248 249
248 250
248 251
249 251
249 376
249 723
249 850
250 251
250 252
250 253
251 252
251 253
252 377
252 432
252 674
253 254
253 255
253 256
254 255
254 256
254 257
255 256
255 258
255 620
256 258
256 259
256 322
257 258
257 259
257 837
257 413
258 259
258 260
258 261
258 359
258 673
259 260
259 891
260 261
260 262
260 263
260 589
260 558
261 262
261 264
262 263
262 264
262 265
262 562
263 264
263 265
263 529
264 266
264 267
264 360
265 267
265 801
265 956
266 267
266 268
266 269
267 268
267 520
267 981
268 270
268 271
268 345
268 612
268 391
269 271
269 272
269 934
269 779
270 271
270 272
270 273
270 301
271 272
271 274
272 275
272 961
272 628
273 274
273 275
273 276
273 383
274 276
274 277
274 533
275 276
275 277
275 278
275 327
275 522
276 277
276 278
276 279
276 977
276 833
277 278
277 279
277 280
278 279
278 280
278 943
279 280
279 281
279 959
280 283
280 954
280 917
280 447
281 282
281 524
281 362
282 283
282 285
282 977
283 285
283 286
283 772
283 847
284 285
284 287
284 767
285 286
285 287
285 288
285 321
286 287
286 289
286 644
286 443
287 288
287 578
287 565
287 765
288 289
288 705
288 321
288 986
289 290
289 291
289 292
290 291
290 292
291 293
291 395
291 608
292 293
292 294
292 454
293 832
293 810
293 326
294 295
294 296
294 739
295 296
295 297
295 657
296 298
296 597
296 502
297 298
297 299
297 300
297 471
298 299
298 301
298 319
298 774
299 359
299 732
299 916
300 301
300 302
300 303
301 303
301 304
301 623
301 632
301 859
302 303
302 304
302 437
302 752
303 304
303 305
303 306
304 305
304 306
304 307
305 306
305 307
306 307
306 308
306 874
306 586
307 309
307 310
307 571
308 309
308 310
308 980
309 312
309 761
309 449
309 871
310 311
310 312
310 313
311 312
311 313
311 952
311 923
312 313
312 314
312 315
313 314
313 315
313 316
314 315
314 316
314 317
315 318
315 893
315 627
316 319
316 845
316 342
317 318
317 319
317 320
318 319
318 321
318 665
319 321
319 854
319 667
320 321
320 322
320 323
321 322
321 324
322 325
322 660
323 325
323 326
324 325
324 867
324 397
325 327
325 328
325 812
326 327
326 328
326 329
326 831
327 330
328 330
328 331
328 671
329 330
329 331
329 332
329 460
329 403
330 331
330 332
330 333
331 332
331 333
331 334
332 333
332 334
332 335
333 335
333 336
333 811
334 335
334 337
334 547
335 336
335 337
335 844
336 683
336 551
336 764
336 565
337 339
337 340
337 567
338 339
338 341
338 589
339 340
339 341
339 342
340 342
340 343
340 525
341 344
341 863
342 343
342 437
343 345
343 346
343 904
344 345
344 346
344 347
345 346
345 347
345 944
346 347
346 348
346 377
347 348
347 350
347 759
348 350
348 351
348 368
349 350
349 351
349 352
349 660
349 827
350 351
350 352
350 393
351 353
351 354
352 353
352 354
352 879
352 568
353 354
353 355
353 930
353 632
354 355
354 881
354 631
354 890
355 356
355 357
355 994
355 741
356 357
356 358
356 723
357 358
357 359
357 360
358 359
358 360
359 361
359 362
360 361
360 362
360 363
361 363
361 364
361 655
362 364
362 365
362 377
362 980
363 364
363 365
363 448
363 464
363 594
363 983
363 663
364 365
364 367
364 767
365 367
365 368
365 558
365 834
365 436
366 367
366 368
366 369
366 783
367 368
367 370
367 957
368 369
368 370
368 371
369 370
369 371
370 372
370 373
370 983
371 373
371 374
372 373
372 374
372 375
372 652
373 374
373 911
373 690
374 376
374 377
374 725
375 376
375 377
375 425
375 772
376 377
376 378
376 379
377 378
377 380
377 497
377 623
378 381
378 997
378 577
378 895
379 380
379 381
379 382
380 381
380 382
380 396
380 521
381 383
381 844
382 384
382 454
382 983
383 385
383 386
383 606
384 387
384 987
384 798
385 386
385 388
385 519
386 387
386 389
386 450
387 941
387 631
388 389
388 390
388 391
389 390
389 392
389 917
389 615
390 392
390 393
391 393
392 394
392 395
392 990
393 394
393 395
393 396
393 689
394 397
394 570
395 396
395 397
395 398
396 399
396 986
396 510
397 398
397 399
397 791
398 399
398 400
398 401
398 906
399 400
399 452
399 855
400 401
400 403
400 552
400 780
401 402
401 403
401 404
402 403
402 404
402 405
402 978
403 404
403 406
404 405
404 407
405 406
405 408
406 407
406 408
406 409
407 409
407 410
407 836
408 409
408 410
408 411
409 410
409 411
409 513
410 411
410 412
410 504
411 412
411 413
411 998
412 413
412 414
412 415
413 530
413 729
414 415
414 416
414 417
414 882
415 416
415 418
415 495
416 418
416 487
416 947
417 418
417 420
417 753
417 561
417 530
417 713
418 419
418 420
418 980
418 802
419 420
419 422
419 986
420 422
420 423
420 547
421 423
421 424
421 760
421 804
422 423
422 425
422 560
422 576
423 424
423 426
423 972
423 689
423 557
424 425
424 426
424 427
425 427
425 428
425 970
425 872
426 428
426 429
426 991
427 428
427 429
427 430
427 778
427 796
428 429
428 430
428 431
429 430
429 998
429 494
430 431
430 432
430 471
430 503
431 432
431 434
431 748
431 814
431 586
432 435
432 940
432 683
433 434
433 435
433 436
433 706
434 435
434 436
434 437
434 803
435 437
435 438
435 938
436 437
436 439
437 438
437 439
437 440
438 439
438 440
438 441
439 440
439 441
439 442
440 441
440 442
440 443
440 470
441 442
441 444
441 857
442 443
442 444
442 445
443 444
443 928
443 919
444 445
444 446
444 447
444 618
445 447
445 448
445 790
446 447
446 449
446 540
446 864
447 448
447 449
448 449
448 451
448 515
448 613
449 451
449 452
450 451
450 452
450 453
451 452
451 453
451 454
452 455
452 607
452 743
453 454
453 455
454 456
454 908
454 723
455 456
455 457
455 458
456 457
456 458
456 578
457 458
457 459
457 994
458 459
458 460
458 825
459 461
459 462
459 858
459 992
460 462
460 463
461 462
461 463
461 464
462 463
462 464
462 465
462 998
463 464
463 465
463 466
463 784
464 465
464 975
464 941
464 867
465 466
465 933
465 949
466 467
466 468
466 469
467 470
467 544
467 996
468 470
468 471
468 883
468 473
469 471
469 643
470 471
470 792
471 472
472 473
472 474
472 475
473 474
473 549
473 867
473 999
474 475
474 476
474 477
474 968
475 477
475 478
475 962
475 669
475 826
476 478
476 479
477 478
477 479
477 480
478 479
478 480
478 481
479 481
479 482
479 898
480 481
480 482
480 602
481 482
481 483
481 484
482 483
482 484
482 485
482 845
483 484
483 485
483 486
484 485
484 487
484 716
485 486
485 487
485 488
486 487
486 489
486 635
487 489
487 490
487 975
488 489
488 796
488 843
489 490
489 491
489 492
490 491
490 492
490 493
490 910
491 492
491 494
491 787
492 494
492 773
492 498
493 494
493 495
493 496
494 495
494 497
494 794
495 496
495 497
496 497
496 499
496 976
497 499
497 500
497 652
497 921
498 499
498 500
498 637
498 548
499 500
499 501
499 864
500 501
500 502
500 503
501 502
501 504
501 719
502 656
502 884
503 504
503 506
503 572
503 786
503 528
504 505
504 507
504 621
505 507
505 508
505 815
505 670
505 510
505 940
506 509
506 586
506 578
507 509
507 510
507 673
507 777
508 510
508 904
508 585
509 511
509 512
509 953
510 511
511 513
511 654
512 513
512 514
512 515
513 514
513 661
514 515
514 517
515 518
515 634
515 916
516 518
516 797
516 524
517 518
517 519
517 520
517 772
518 519
518 520
518 521
519 520
519 522
519 665
520 523
520 788
521 523
521 524
521 653
522 523
522 568
522 979
523 524
523 525
523 526
524 525
524 843
525 527
525 528
525 786
526 527
526 528
526 529
527 528
527 529
527 530
528 529
528 530
529 530
529 531
529 731
529 866
529 754
530 532
530 930
530 668
531 532
531 533
531 534
532 534
532 535
533 534
533 536
533 660
533 583
534 535
534 536
534 537
534 760
534 555
535 537
535 538
535 546
535 658
536 537
536 538
536 539
537 538
537 539
537 786
537 686
538 540
538 541
538 862
539 541
539 542
539 961
539 733
540 541
540 542
540 543
541 542
541 543
541 544
542 543
542 544
542 723
543 544
543 545
543 546
544 545
544 546
544 547
545 546
545 547
545 548
546 547
546 549
547 548
547 549
547 550
548 549
548 730
548 831
549 551
549 789
550 552
550 737
551 552
551 553
551 554
551 874
552 554
552 555
553 555
553 556
554 555
554 556
554 598
555 556
555 557
556 558
556 559
556 775
557 558
557 560
558 561
558 775
559 560
559 561
559 598
560 563
560 847
561 563
561 564
561 761
562 564
562 565
562 593
563 564
563 966
563 573
564 565
564 566
564 567
565 566
566 567
566 568
566 569
567 569
567 570
568 570
568 571
568 577
569 570
569 571
569 572
570 571
570 572
570 573
570 706
571 572
571 573
571 574
571 999
571 640
572 574
572 575
573 574
573 575
573 576
574 575
574 577
574 763
574 919
575 576
575 577
575 578
576 579
576 756
576 677
577 579
578 579
578 580
578 581
579 621
579 587
580 581
580 582
580 583
580 610
581 583
581 658
582 583
582 584
582 585
583 584
583 585
584 586
584 973
584 679
585 586
585 587
586 589
586 903
587 589
587 835
588 591
588 824
588 633
588 741
589 591
590 592
590 593
590 624
591 592
591 593
591 594
592 593
592 594
592 595
593 594
593 595
593 994
594 595
594 597
595 597
595 598
596 597
596 754
596 834
597 598
597 599
597 600
598 599
598 600
598 601
599 600
599 601
599 944
600 602
600 603
600 723
600 671
601 602
601 603
601 604
602 604
602 856
603 605
603 620
604 606
604 607
604 799
605 606
605 607
605 670
605 968
606 609
606 629
607 610
608 609
608 610
608 611
609 610
609 611
609 612
610 612
610 613
610 709
611 613
611 614
611 813
611 703
612 615
612 911
613 614
613 725
614 616
614 617
614 811
615 616
615 618
616 619
616 841
616 887
616 643
617 618
617 619
617 620
618 619
618 620
619 622
619 713
619 847
620 621
620 622
620 823
621 623
621 624
622 623
622 624
622 625
623 625
624 625
624 626
624 627
625 626
625 779
626 627
626 628
626 946
627 628
627 630
627 930
628 629
628 630
628 631
629 630
629 631
629 632
630 632
630 633
630 976
631 632
631 634
632 634
632 890
632 721
633 634
633 635
634 635
634 636
634 637
635 636
635 637
635 687
636 637
636 638
636 639
637 638
637 723
638 639
638 640
638 641
639 640
639 641
639 642
640 642
640 997
640 872
641 643
641 644
641 741
642 643
642 644
642 645
643 645
643 756
644 645
644 646
644 647
645 646
645 647
646 647
646 648
646 750
646 670
647 648
647 649
647 812
648 649
648 650
648 651
648 876
649 650
649 651
649 974
650 651
650 653
651 652
651 653
651 654
651 831
652 654
652 655
653 654
653 655
653 914
653 941
653 881
654 656
654 657
654 932
655 657
655 658
655 868
656 657
656 658
657 658
657 660
658 659
658 661
659 660
659 661
659 662
659 956
660 661
660 792
661 662
661 663
661 838
661 767
662 663
662 664
662 665
663 664
663 665
664 665
664 666
664 667
664 755
664 994
665 666
665 667
665 668
666 669
666 915
667 669
667 670
667 773
668 669
668 670
668 888
669 672
669 757
669 840
670 673
671 672
671 763
672 673
672 674
672 675
672 941
672 759
673 675
673 831
674 676
674 847
675 676
675 677
675 678
676 677
676 679
676 798
677 678
677 715
678 679
678 680
678 681
678 906
679 680
679 681
679 682
680 682
680 705
681 682
681 683
681 684
682 684
682 685
682 750
683 684
683 686
683 696
683 810
684 686
684 687
685 686
686 687
686 688
687 688
687 689
688 689
688 690
688 691
689 690
689 691
690 691
690 693
691 692
691 694
691 824
691 728
692 693
692 694
692 695
693 694
693 695
693 696
694 695
694 696
694 697
695 696
695 697
695 698
696 697
696 699
696 760
697 698
697 700
697 776
698 699
698 701
698 972
698 912
699 700
699 707
699 957
700 701
700 702
700 703
701 702
701 703
701 704
701 711
702 703
702 704
702 705
702 943
703 706
704 706
704 707
704 986
705 708
705 720
705 817
706 708
706 894
707 709
707 710
707 799
708 709
708 710
708 711
709 786
710 711
710 931
711 713
712 713
712 714
712 715
712 893
713 715
713 949
714 715
714 716
714 717
715 716
715 717
715 718
716 717
716 718
716 719
717 718
717 720
717 893
718 719
718 720
718 721
719 720
719 738
720 722
720 723
720 796
721 722
721 723
722 723
722 725
722 861
723 726
723 828
724 726
724 727
724 912
725 726
725 727
725 728
726 727
726 728
726 729
727 728
727 729
727 730
728 729
728 731
729 730
729 731
729 732
730 731
730 732
730 733
731 732
731 734
732 733
732 734
732 735
733 735
733 736
734 735
734 736
734 737
735 736
735 737
735 738
735 885
736 737
736 738
736 739
737 739
737 740
738 739
738 740
738 741
739 742
740 741
740 742
740 743
741 742
741 744
742 743
742 744
742 745
743 744
743 745
743 746
744 745
744 746
744 747
744 902
745 746
745 748
745 893
745 853
746 747
746 748
746 749
747 748
747 750
747 995
747 760
748 750
748 751
749 750
749 751
749 908
750 751
750 753
750 938
751 752
751 753
751 754
752 753
752 754
753 755
753 756
753 971
754 755
754 757
755 757
755 933
755 942
755 852
756 757
756 759
757 758
757 759
757 760
758 759
758 760
758 761
759 760
759 761
760 762
761 762
761 763
762 763
762 764
762 765
763 766
764 765
764 766
764 767
764 981
765 766
765 767
765 768
766 768
766 769
766 801
767 769
767 770
768 769
768 771
768 910
769 770
769 771
769 772
769 875
769 956
770 771
770 772
770 773
771 772
771 773
771 774
772 773
773 774
773 775
773 776
774 775
774 777
774 891
775 776
775 777
775 778
776 778
776 977
777 779
777 780
778 779
778 780
778 954
779 780
779 781
779 892
780 781
780 782
781 782
781 783
783 784
783 786
784 785
784 799
785 786
785 787
785 788
785 960
786 789
786 979
786 989
787 788
787 790
788 789
788 790
788 791
788 864
788 871
789 790
789 791
789 792
790 791
790 792
790 793
791 793
792 793
792 794
792 795
792 926
793 794
793 796
794 795
794 797
794 978
795 796
795 797
795 798
796 800
797 798
797 799
797 972
798 799
798 800
798 801
799 801
799 802
799 854
800 801
800 802
800 803
801 802
801 803
801 804
802 803
802 804
802 805
803 804
803 805
804 805
804 806
805 806
805 807
805 808
806 807
806 809
806 875
807 808
807 809
807 810
808 809
808 810
808 811
809 810
809 811
809 812
810 811
810 812
811 812
811 814
812 813
812 815
813 814
813 815
813 816
814 815
814 816
814 817
815 816
815 818
816 817
816 966
816 825
817 818
817 820
817 821
818 819
818 820
818 821
819 820
819 821
819 822
820 821
820 822
820 957
820 959
820 977
821 822
821 823
821 824
821 830
822 823
822 824
822 825
823 824
823 826
823 927
824 825
824 826
824 945
825 826
825 827
825 828
826 827
826 828
826 894
827 828
827 829
828 829
828 859
829 830
829 831
829 832
830 832
830 833
830 918
831 834
831 971
832 833
832 834
832 835
833 834
834 836
834 918
835 836
835 837
836 837
836 838
836 839
837 838
837 839
837 840
837 950
838 840
838 841
839 840
839 841
839 842
840 841
840 843
841 843
841 993
842 843
842 844
842 845
843 844
843 845
843 846
844 845
844 846
844 847
845 847
846 847
846 849
846 919
847 849
848 850
848 936
849 850
849 851
849 852
850 851
850 852
850 853
851 852
851 853
851 854
852 854
853 854
853 855
853 856
854 856
854 857
854 958
855 856
855 857
855 858
856 857
856 858
856 859
857 858
857 859
857 931
858 859
858 860
858 861
859 861
859 862
860 862
860 863
861 862
861 864
862 863
862 864
862 865
863 864
863 865
863 866
863 991
865 867
865 868
865 957
866 867
866 869
868 869
868 871
869 870
869 871
870 871
870 872
870 873
871 872
871 873
872 873
873 874
873 875
873 876
874 876
875 877
876 877
876 879
877 878
877 879
877 880
878 879
878 880
878 881
879 881
879 882
880 881
880 882
880 883
881 883
881 884
882 884
883 885
883 886
884 885
884 886
884 916
885 886
885 979
886 887
886 888
886 889
887 888
887 889
887 890
888 889
888 890
889 890
889 891
889 892
890 891
890 893
890 935
891 892
891 894
892 895
893 896
894 897
895 896
895 897
895 898
896 897
896 899
897 898
897 900
898 899
898 900
898 901
898 955
899 900
899 901
899 902
900 901
900 902
900 903
901 902
901 903
901 904
902 903
902 904
903 904
903 905
903 906
904 906
904 907
905 906
905 907
905 908
906 909
907 909
907 910
907 987
908 909
908 910
908 911
909 910
909 911
909 912
910 912
910 913
911 913
911 914
912 915
913 914
913 915
913 916
914 916
915 916
915 918
916 918
916 919
917 918
917 919
917 920
918 919
918 920
919 920
920 921
920 923
921 922
922 923
922 924
922 925
923 924
923 925
924 925
924 926
924 927
925 927
925 928
925 968
926 927
926 929
927 928
927 930
928 929
928 930
928 931
929 931
929 932
930 932
930 933
931 932
931 933
931 934
932 933
932 934
932 935
933 935
933 936
934 935
934 936
934 937
935 936
935 937
936 937
936 939
937 938
937 939
937 940
937 971
938 939
938 941
939 941
939 942
939 958
940 941
940 942
941 944
942 944
942 945
943 945
944 945
944 947
945 947
945 948
946 947
946 948
946 949
947 948
947 949
947 950
948 950
948 951
949 950
949 951
949 952
950 951
950 953
951 952
951 953
951 954
952 954
952 955
953 954
953 955
953 956
954 955
954 957
955 956
955 957
956 959
957 959
957 960
958 976
959 961
959 962
960 962
961 962
961 964
961 993
962 963
962 964
962 982
963 964
963 965
963 966
964 965
964 966
964 967
965 967
965 968
966 967
966 968
966 969
967 969
967 978
968 970
969 970
969 972
970 972
970 973
972 974
972 975
973 974
973 975
973 976
974 975
974 976
974 977
975 977
976 977
976 978
976 979
977 980
978 980
978 981
979 980
979 981
980 983
981 983
981 984
982 983
982 984
982 985
983 984
983 986
984 985
984 986
985 986
985 987
985 988
986 989
987 988
987 989
987 990
988 990
988 991
989 990
989 992
990 991
990 992
990 993
991 992
991 994
992 994
993 994
993 995
993 996
995 997
995 998
996 997
996 998
997 998
997 999
998 999
