0 998
0 997
0 203
0 431
0 983
0 680
0 585
1 999
1 4
1 998
1 552
1 168
1 658
1 930
2 4
2 5
2 999
2 598
2 543
2 794
2 981
3 4
3 242
3 483
3 997
3 846
4 5
4 268
4 536
4 863
5 6
5 8
5 720
5 816
5 620
5 54
6 375
6 238
6 121
6 76
7 9
7 423
7 346
7 855
7 692
7 285
8 11
8 516
8 387
8 624
8 818
9 11
9 410
9 141
9 975
9 737
10 274
10 255
10 920
10 616
10 232
10 785
11 14
11 753
11 933
11 77
11 166
11 249
12 13
12 15
12 719
12 854
12 939
13 15
13 317
13 757
13 256
13 609
14 15
14 936
14 211
14 560
14 264
14 362
15 16
15 41
15 899
15 213
15 498
16 17
16 19
16 441
17 19
17 924
17 58
17 799
17 187
17 356
17 161
17 378
17 838
18 19
18 750
18 796
18 799
18 843
19 21
19 567
19 715
19 950
19 926
19 970
20 21
20 23
20 367
20 59
21 22
21 23
21 657
21 118
21 25
22 857
22 407
22 591
22 208
22 372
22 621
23 24
23 26
23 378
23 648
24 25
24 640
24 842
24 401
25 27
25 28
25 636
25 715
25 392
25 423
26 27
26 421
26 319
26 761
26 488
26 608
27 28
27 29
27 619
27 769
27 955
27 607
28 29
28 31
28 905
29 30
29 32
29 516
30 32
30 115
30 988
30 905
30 136
31 662
31 526
31 630
31 805
31 475
31 975
32 35
32 697
32 785
32 55
32 258
32 756
33 592
33 226
33 135
34 35
34 36
34 948
34 174
34 217
34 313
34 535
34 601
35 37
35 682
35 887
36 892
36 100
36 156
36 291
36 252
36 274
37 39
37 69
37 71
37 95
37 501
37 670
37 926
38 214
38 966
38 993
38 536
39 588
39 529
39 75
39 966
39 590
39 871
40 43
40 480
40 161
40 756
40 806
41 954
41 794
41 108
42 43
42 44
42 364
42 449
42 487
42 909
42 585
43 45
43 480
43 254
44 614
44 207
44 755
44 547
44 48
45 124
45 676
45 581
45 488
45 712
45 186
46 108
46 451
46 387
46 673
46 634
46 506
47 962
47 70
47 148
47 222
47 720
48 49
48 50
48 360
48 822
48 711
49 50
49 52
49 593
49 119
49 169
50 930
50 210
50 673
51 52
51 53
51 54
52 53
52 55
52 935
52 475
52 616
53 55
53 561
53 359
53 846
54 55
54 906
55 56
55 57
55 982
56 57
56 865
56 385
57 670
57 857
57 140
57 702
57 775
58 61
58 657
58 332
59 61
59 62
59 600
60 61
60 409
60 247
60 345
61 731
61 991
61 623
61 187
61 237
62 63
62 64
62 79
62 594
62 648
63 66
63 442
63 544
63 933
63 699
64 65
64 66
64 67
65 67
65 68
65 934
65 271
65 252
66 67
66 268
66 169
66 454
66 136
67 69
67 517
67 397
67 653
67 110
67 555
67 889
67 183
68 69
68 70
68 969
68 146
68 549
69 71
69 72
69 699
69 277
69 452
69 471
70 357
70 460
70 290
71 73
71 74
71 155
71 184
71 384
71 149
71 797
72 291
72 641
72 661
72 312
72 338
73 74
73 75
73 76
74 528
74 514
74 486
74 901
74 790
75 166
75 344
75 439
75 116
75 844
75 973
75 337
76 793
76 707
76 802
76 447
77 79
77 244
77 97
77 566
77 925
78 578
78 340
78 685
78 519
78 441
79 138
79 826
79 111
79 145
79 153
80 81
80 953
80 732
81 82
81 83
81 84
81 655
81 956
82 85
82 991
82 109
82 919
82 668
83 86
83 352
83 126
83 589
83 304
84 85
84 86
84 307
84 590
84 934
84 930
84 558
85 248
85 926
85 156
85 292
85 469
85 512
86 148
86 490
86 328
87 88
87 89
87 90
88 91
88 378
88 630
88 911
89 90
89 91
89 699
90 93
90 682
90 443
90 288
91 92
91 94
91 575
91 836
91 837
92 731
92 348
92 895
92 814
92 158
93 665
93 664
93 450
93 355
94 95
94 800
94 677
94 719
95 97
95 847
95 642
96 97
96 98
96 99
96 417
96 736
97 99
97 100
97 204
97 357
98 99
98 101
98 626
98 814
98 214
99 100
99 101
99 102
99 260
99 209
100 102
100 227
100 737
100 408
101 103
101 104
101 362
102 104
102 105
102 606
103 104
103 105
103 106
103 707
104 106
104 954
104 599
104 136
104 177
104 797
104 308
105 106
105 107
105 778
105 218
106 107
106 961
106 638
106 241
107 108
107 110
107 774
108 110
108 413
108 523
108 802
109 110
109 709
109 657
109 775
109 951
109 308
110 111
110 509
110 353
110 145
111 112
111 114
111 507
111 687
112 692
112 616
112 655
112 157
112 417
112 653
113 115
113 116
113 299
113 180
113 484
114 115
114 757
114 356
114 150
115 117
115 550
115 305
115 424
115 928
116 615
116 874
116 574
116 261
116 936
117 352
117 570
117 932
118 119
118 146
119 934
119 318
119 285
119 164
120 123
120 464
120 509
120 299
121 124
121 339
121 212
121 635
121 361
122 446
122 251
122 840
122 692
123 126
123 901
123 469
123 331
123 424
123 821
124 126
124 270
124 125
124 472
125 372
125 245
125 629
125 287
125 415
126 128
126 909
126 732
127 130
127 163
127 218
127 714
127 718
127 630
127 807
127 909
128 130
128 146
128 368
128 228
129 132
129 979
129 711
129 700
130 131
130 132
130 133
130 586
130 233
131 132
131 133
131 134
131 266
131 341
131 371
131 595
132 134
132 135
132 896
133 136
133 393
133 324
134 136
134 245
134 885
134 806
135 136
135 137
135 138
135 296
135 288
135 521
136 930
136 696
136 735
136 901
136 311
137 139
137 140
137 918
137 195
138 140
138 887
138 500
138 830
138 156
138 385
139 142
139 923
139 229
140 143
140 647
140 314
140 802
140 421
140 715
140 934
141 334
141 365
141 949
141 583
141 890
141 206
142 143
142 175
142 808
142 866
142 940
142 191
143 144
143 145
143 620
143 358
144 145
144 147
144 673
144 174
144 297
145 146
146 147
146 447
146 247
147 148
147 749
147 241
147 737
148 502
148 329
148 538
148 444
148 933
149 151
149 609
150 151
150 153
150 521
150 416
151 152
151 153
151 700
151 383
152 153
152 497
152 473
152 910
152 610
153 154
153 155
153 156
153 192
153 757
154 156
154 854
154 663
154 961
154 983
154 823
155 157
155 158
155 791
155 276
156 374
157 158
157 160
157 828
158 674
158 969
158 991
158 794
159 934
159 763
159 168
159 505
159 745
159 712
160 528
160 422
160 390
160 730
161 163
161 458
161 947
162 164
162 165
162 891
162 223
163 164
163 281
163 336
163 291
163 226
164 165
164 166
164 459
165 168
165 391
165 500
165 709
165 306
165 886
165 961
166 167
166 180
166 862
167 587
167 708
167 797
168 171
168 720
168 352
168 223
168 860
169 170
169 171
169 711
169 543
170 171
170 172
170 173
170 683
170 530
170 955
171 172
171 173
171 174
171 583
171 801
171 678
172 174
172 501
172 445
172 511
172 907
172 480
173 976
173 597
173 616
173 978
173 669
174 812
174 810
174 962
175 177
175 178
175 519
176 177
176 178
176 247
177 857
177 570
177 846
177 959
177 396
178 179
178 181
178 728
178 526
179 181
179 437
179 243
179 273
180 183
180 668
180 557
181 184
181 612
181 904
181 622
181 741
182 183
182 185
182 675
182 515
182 922
183 186
183 551
183 719
184 187
184 251
184 402
184 483
184 808
184 263
184 945
185 187
185 938
185 244
185 394
185 908
185 556
185 293
186 924
186 512
186 781
187 806
187 685
187 981
188 189
188 190
188 204
189 192
189 478
189 742
189 908
190 191
190 224
190 657
190 500
190 413
191 194
191 224
191 869
191 221
192 194
192 503
193 398
193 256
193 899
193 964
193 817
194 195
194 800
194 789
195 197
195 874
196 198
196 616
196 404
196 666
196 660
196 855
197 198
197 199
197 200
198 199
198 201
198 875
198 517
199 200
199 878
199 672
199 355
200 202
200 561
200 626
200 892
201 204
201 480
201 618
202 755
202 285
202 879
202 578
202 997
202 957
203 204
203 620
203 882
203 602
203 869
204 896
204 247
204 492
204 527
204 751
205 679
205 426
205 841
205 933
205 954
205 588
206 208
206 510
207 209
207 210
207 629
207 603
208 209
208 211
208 293
209 627
209 438
210 261
210 229
210 550
210 995
211 213
211 608
211 668
211 503
212 508
212 423
213 214
213 215
213 216
213 556
214 215
214 216
214 640
215 217
215 890
215 324
215 992
216 219
216 581
216 240
216 496
217 218
217 665
217 924
217 712
217 267
218 694
218 952
218 326
218 538
219 221
219 862
219 757
220 221
220 222
220 223
220 530
220 301
221 222
221 224
222 224
222 225
222 343
222 764
223 224
223 334
223 469
224 738
224 396
224 623
225 228
225 531
225 835
225 316
226 228
226 229
226 323
226 502
227 228
227 842
228 230
228 807
228 274
228 691
229 231
229 232
229 263
230 231
230 232
230 390
230 925
230 257
230 488
231 867
231 446
231 890
232 235
232 402
232 953
232 614
233 366
233 736
233 632
233 903
233 633
234 235
234 729
234 781
234 502
234 713
235 236
235 237
235 433
235 714
236 237
236 238
236 239
236 777
236 397
237 859
237 898
237 905
238 240
238 992
238 638
239 721
239 595
239 678
240 642
240 527
240 490
241 244
241 480
242 245
242 392
242 446
242 633
243 377
243 319
243 813
243 576
244 245
244 247
244 432
244 848
244 948
245 730
245 767
245 356
246 247
246 271
246 394
246 393
246 942
246 901
247 248
247 250
247 680
247 867
248 249
248 251
248 798
248 254
248 396
249 251
249 927
249 289
249 445
250 251
250 832
250 474
251 252
251 254
251 595
251 380
251 471
252 253
252 944
253 255
253 256
253 979
254 255
254 781
254 839
255 447
255 687
255 770
256 257
256 801
256 812
257 258
257 259
257 467
257 865
258 519
258 552
258 511
259 260
259 687
259 998
260 533
260 415
260 834
261 263
261 264
261 822
261 450
261 946
262 263
262 468
262 911
262 980
262 443
262 558
262 408
262 404
263 265
264 602
264 458
264 926
264 548
265 268
265 993
265 525
265 397
266 928
266 834
267 268
267 269
268 271
268 582
268 751
268 769
268 661
269 272
269 750
269 528
269 946
269 440
270 272
270 273
270 278
270 280
270 386
270 302
270 883
271 274
272 273
272 274
272 869
272 695
273 794
273 674
273 919
273 745
274 277
274 947
275 277
275 780
275 693
275 782
275 553
276 278
276 700
276 466
276 743
276 736
276 876
276 963
277 280
277 455
278 281
278 621
278 689
278 398
278 842
279 820
279 843
279 388
279 814
279 792
280 685
280 327
280 898
281 493
281 565
281 928
281 518
282 284
282 285
282 577
283 286
283 333
283 494
284 286
284 578
284 440
284 744
284 702
285 508
286 801
286 978
286 621
286 778
287 288
287 289
287 871
287 816
288 289
288 317
289 604
289 541
289 570
289 910
290 476
290 819
290 693
290 356
291 294
291 578
292 293
292 710
293 294
293 915
293 334
293 494
293 995
294 297
294 482
294 450
294 550
295 297
295 298
295 971
295 927
296 889
296 630
296 350
296 941
296 682
297 298
297 300
298 301
298 805
298 951
298 850
299 776
299 987
299 328
300 302
300 441
300 683
300 689
301 302
301 698
301 637
302 303
302 733
303 307
303 877
303 562
304 305
304 699
304 786
304 763
304 805
305 307
305 308
305 964
306 307
306 469
306 587
306 771
307 310
307 632
307 415
308 309
308 445
308 966
309 310
309 496
309 444
310 312
310 509
310 407
310 343
311 312
311 314
311 398
312 752
312 348
312 336
312 516
313 314
313 316
314 406
314 534
314 386
314 660
314 971
315 316
315 318
315 537
315 785
316 318
316 715
316 790
317 318
317 319
317 320
318 319
318 337
318 750
318 402
318 347
319 320
319 322
319 819
319 656
320 323
320 679
320 836
320 601
320 942
321 322
321 545
321 334
321 913
322 325
322 330
322 812
323 324
323 326
323 709
323 854
324 325
324 327
325 991
325 428
325 734
325 462
325 564
325 660
325 785
325 747
326 327
326 855
326 600
326 506
327 330
327 743
327 994
327 568
327 894
328 331
328 523
328 604
328 525
328 957
329 330
329 332
329 707
330 332
330 333
330 441
330 571
331 332
331 334
331 762
332 335
332 990
332 526
332 533
333 335
333 336
333 813
333 476
333 427
334 335
334 336
335 338
335 981
335 968
335 503
335 666
336 338
336 771
336 727
337 339
337 576
338 609
338 618
339 340
339 342
339 820
339 964
340 342
340 343
340 922
341 343
341 644
341 978
342 343
342 344
342 734
342 832
342 767
343 344
343 884
343 420
343 426
343 949
344 346
344 347
344 596
344 985
345 347
345 348
345 350
345 950
345 990
345 877
346 903
346 986
346 863
346 707
347 853
347 718
347 446
348 351
348 736
348 510
348 554
349 351
349 352
349 473
349 686
349 868
350 740
350 733
351 425
351 420
351 962
351 792
351 976
352 411
352 995
352 495
353 354
353 356
353 919
353 795
353 988
354 355
354 356
354 357
354 459
355 357
355 358
355 989
355 368
355 474
355 728
356 357
356 359
356 366
356 391
357 540
357 496
357 674
357 547
357 671
357 733
358 892
358 899
358 610
358 564
359 360
359 362
359 768
360 363
360 804
360 637
360 651
361 362
361 517
361 602
362 364
362 448
362 590
363 364
363 365
363 674
364 910
364 827
365 870
365 934
365 860
366 368
366 369
366 589
367 369
367 949
368 371
368 724
368 537
369 370
369 371
369 372
369 381
370 371
370 372
370 373
370 876
370 659
371 777
371 439
372 373
372 374
372 845
373 374
373 375
373 629
374 377
374 661
374 515
374 516
375 376
375 377
375 378
375 874
376 377
376 378
376 865
376 740
376 948
377 380
377 566
378 380
378 575
378 719
379 381
379 608
379 804
379 897
379 696
380 381
380 382
380 383
380 733
381 382
381 383
381 672
382 384
382 929
382 393
383 384
383 611
384 387
384 973
385 386
385 387
385 980
386 388
386 389
386 399
386 921
386 563
387 390
388 389
388 579
388 916
389 390
389 391
389 392
390 901
390 445
390 921
391 392
391 899
391 403
392 395
392 840
392 579
392 940
393 727
393 813
393 698
393 882
394 395
394 426
394 546
395 396
395 398
395 459
395 780
396 397
396 767
396 846
397 638
397 794
398 399
399 401
399 986
400 401
400 402
400 403
400 943
401 403
401 627
402 405
403 404
403 783
404 406
404 592
405 407
405 408
405 684
405 838
406 407
406 409
406 929
406 653
407 409
407 940
407 528
407 650
408 411
408 852
408 745
408 438
409 412
409 690
409 668
410 420
410 936
410 859
411 612
411 950
411 859
411 705
412 414
412 415
412 571
413 415
413 743
414 417
414 999
414 540
415 524
415 987
416 418
416 512
416 442
417 419
417 624
418 420
418 496
418 546
418 994
418 514
418 459
418 861
419 420
419 421
419 818
419 430
420 602
420 476
420 583
421 424
421 891
421 834
421 432
422 424
422 877
422 992
423 424
423 429
423 498
424 425
424 427
424 896
425 426
425 428
425 551
425 943
426 427
426 428
427 429
427 508
427 559
427 753
428 430
428 748
428 999
429 432
429 460
429 941
429 490
429 741
430 436
430 453
431 433
431 434
432 494
432 493
433 435
433 436
434 435
434 437
434 546
434 619
435 436
435 437
435 438
435 512
435 793
435 796
436 438
436 569
436 887
437 438
437 440
437 910
437 839
438 440
438 441
438 606
439 442
439 748
439 931
440 658
441 443
441 844
441 671
441 913
442 445
442 668
442 829
443 573
443 967
443 989
444 698
444 515
444 936
444 725
445 783
445 451
445 786
446 447
446 485
446 842
446 655
448 449
448 450
448 451
448 656
449 451
449 452
449 744
450 515
450 801
451 452
451 453
451 639
452 859
452 527
452 987
452 823
453 454
453 455
453 456
454 821
454 863
455 456
455 458
455 991
455 640
456 459
456 625
456 488
457 458
457 970
457 613
458 460
458 670
458 546
458 961
459 706
460 887
460 583
460 566
461 463
461 464
461 760
462 464
462 465
462 845
462 641
463 464
463 466
463 681
463 849
464 465
464 996
464 931
464 482
465 466
465 467
465 468
466 469
466 535
466 944
467 469
467 983
468 471
468 711
469 471
469 528
470 472
470 473
470 858
470 892
470 620
470 645
471 472
472 473
472 474
472 721
473 475
473 476
473 722
473 900
474 612
474 644
475 805
475 562
475 636
475 705
475 984
475 679
476 477
476 479
477 480
477 975
477 779
477 505
478 479
478 480
478 481
478 652
478 716
479 482
479 582
479 555
480 481
480 771
480 661
480 848
481 482
481 483
481 522
482 483
482 484
482 805
482 754
482 616
483 941
483 544
483 689
484 487
484 820
484 956
485 487
485 743
485 685
486 489
486 964
486 721
486 945
487 489
487 490
488 489
488 591
489 490
489 491
489 492
490 491
490 493
491 492
491 493
491 494
492 495
492 827
492 633
493 496
493 894
493 729
494 496
494 708
494 965
495 497
495 622
496 498
497 499
497 775
498 499
498 678
498 942
498 844
499 501
499 653
499 626
499 853
499 859
500 503
500 527
500 984
501 502
501 516
502 503
502 825
503 922
503 893
504 505
504 506
504 507
505 506
505 636
506 507
506 508
507 510
507 776
507 920
507 537
507 554
508 510
508 786
508 927
508 657
508 770
508 915
509 512
509 805
509 664
509 700
510 640
510 941
511 513
511 727
512 514
512 618
512 944
513 515
513 516
513 778
513 826
514 516
514 569
514 555
515 692
515 813
515 924
516 517
516 623
517 518
517 520
517 628
518 519
518 667
518 932
519 522
519 588
520 521
520 522
520 631
520 878
520 907
520 620
521 522
521 523
521 896
522 523
522 723
522 554
523 593
523 737
523 883
524 525
524 527
524 859
525 529
526 529
527 968
527 688
528 530
528 614
528 777
528 822
529 531
529 532
529 867
529 704
530 532
530 912
531 532
531 534
531 623
532 533
532 534
532 535
532 625
533 534
533 902
533 874
534 535
534 537
534 879
535 538
536 537
536 647
536 639
537 855
537 772
538 634
538 589
539 540
539 542
539 772
539 615
539 760
540 543
540 986
540 878
540 562
541 603
541 741
542 543
542 544
542 545
543 703
543 878
544 546
544 547
544 632
544 666
545 548
545 765
545 656
546 574
547 548
547 668
547 731
548 549
548 832
548 991
549 550
549 551
549 803
549 873
550 552
550 620
550 561
550 655
551 553
551 554
551 778
551 566
551 844
552 553
552 555
552 595
553 555
553 556
553 831
554 555
555 558
555 831
555 674
556 558
556 696
557 558
557 559
557 649
557 775
558 559
559 562
559 792
559 795
560 562
560 974
560 776
560 800
561 563
561 564
562 565
562 869
563 564
563 565
563 680
564 565
564 673
565 566
565 567
565 783
565 599
565 744
565 956
566 897
566 613
567 568
567 569
567 570
567 723
568 748
568 669
568 645
568 827
568 789
569 570
569 571
569 728
570 572
570 573
570 860
571 572
571 615
572 573
572 575
572 662
573 574
573 650
573 914
573 862
573 900
574 705
574 704
575 578
575 661
575 599
576 577
576 785
577 578
577 579
577 580
578 579
578 745
579 582
579 857
579 931
580 581
580 594
580 981
580 718
581 583
581 584
581 799
581 651
581 628
581 737
581 947
582 585
582 714
582 654
582 834
582 734
583 968
584 585
584 586
584 605
584 791
585 586
585 587
586 588
586 639
586 774
587 588
587 589
588 616
588 651
588 800
589 592
589 812
589 642
589 925
591 775
592 594
592 595
592 634
592 985
593 596
593 746
593 763
594 595
594 596
594 597
595 597
595 701
596 597
596 609
596 655
596 852
596 813
597 875
597 882
598 600
598 604
598 951
599 602
599 986
600 603
600 726
600 792
601 602
601 603
601 604
602 603
603 604
603 605
603 780
604 607
604 988
605 607
605 608
606 608
606 609
606 889
607 608
607 610
607 632
608 609
608 770
608 802
609 689
609 868
609 730
610 665
610 865
611 612
611 613
611 614
611 946
611 776
612 613
612 615
612 653
612 644
612 810
613 614
613 615
613 897
614 788
614 705
614 937
615 617
615 618
615 753
616 860
617 618
617 619
617 620
617 661
617 758
618 889
618 655
619 825
619 819
620 621
620 626
621 852
621 801
622 625
622 987
623 624
623 842
624 626
624 741
624 848
625 626
625 628
626 628
626 987
627 628
627 630
627 969
628 629
628 781
629 631
629 995
629 752
630 632
630 633
630 654
631 634
631 876
631 732
632 653
632 745
632 654
633 634
634 637
634 781
634 928
634 978
635 638
635 945
635 713
636 639
637 638
637 640
637 984
638 740
639 881
640 641
641 642
641 644
641 823
641 983
642 645
642 753
642 783
643 644
643 646
643 784
644 645
644 646
645 646
645 875
646 647
646 975
646 654
646 730
647 724
647 758
648 830
648 932
648 968
649 650
649 651
649 784
650 652
651 653
651 812
652 655
652 700
653 957
655 682
656 657
656 658
657 660
658 659
658 661
659 660
659 703
660 843
661 881
662 663
662 665
662 832
662 937
662 974
662 788
663 666
663 821
664 665
664 667
665 667
665 668
665 795
665 905
666 691
666 716
667 669
667 670
667 771
667 960
667 766
669 670
669 671
670 869
671 673
672 673
672 674
674 676
674 688
674 733
674 788
674 699
674 767
675 676
675 678
675 981
676 943
676 966
677 678
677 680
678 680
679 680
679 681
679 815
679 769
680 681
680 735
681 683
681 684
681 923
682 683
682 893
682 840
683 686
684 685
684 910
684 953
684 906
685 837
685 752
686 689
686 707
686 917
687 689
687 690
688 981
689 753
689 925
689 889
690 691
690 692
690 927
691 693
691 952
691 878
693 713
693 715
694 697
694 715
695 696
695 697
696 698
696 699
697 698
697 700
697 983
697 895
697 968
698 700
698 820
699 701
699 978
700 701
700 703
700 972
701 702
701 966
701 956
701 844
702 703
702 831
703 704
703 705
703 789
704 705
704 707
705 796
705 845
706 707
706 709
706 903
707 710
708 710
708 711
709 711
709 712
709 999
709 790
710 711
710 712
710 713
711 714
711 800
711 726
712 713
712 714
713 883
714 716
714 717
715 890
716 805
716 891
717 718
717 720
717 935
718 720
718 819
718 866
719 720
719 721
720 722
720 957
721 724
722 723
722 724
722 725
723 725
723 726
723 971
724 725
724 727
725 726
725 727
726 727
726 728
727 883
728 731
729 847
729 976
730 732
731 732
731 734
731 857
731 791
732 733
732 925
734 737
735 737
735 921
737 745
737 738
737 807
737 855
738 740
738 912
738 920
738 974
739 741
739 742
739 789
740 741
740 742
740 743
741 746
741 905
741 938
742 743
742 744
742 745
742 840
743 746
743 996
744 848
744 751
745 747
745 759
746 747
746 748
746 749
746 961
747 748
747 749
747 750
747 781
747 944
748 750
748 989
749 752
749 941
749 972
749 914
750 751
750 752
750 893
750 787
751 962
752 754
752 776
753 953
754 755
754 757
754 923
755 756
755 757
755 758
755 799
756 757
757 758
757 817
757 865
758 761
758 969
758 886
759 761
759 891
760 762
760 777
760 861
761 764
761 934
762 763
762 992
762 816
763 764
763 765
764 766
764 817
764 904
765 767
765 768
766 806
766 825
767 768
767 769
768 771
768 892
769 831
770 771
770 772
771 888
772 775
772 953
773 774
773 775
773 776
774 776
774 963
774 967
775 776
775 945
775 802
775 966
777 811
777 929
778 970
779 780
779 781
779 782
779 869
780 781
782 783
782 785
782 938
783 786
783 872
784 785
784 796
785 820
786 788
787 789
787 790
787 988
788 836
789 790
789 791
789 823
790 856
791 894
791 918
792 847
793 794
793 911
794 795
794 797
794 952
797 798
798 799
798 800
798 801
799 801
799 864
800 802
800 871
800 823
801 820
801 825
803 862
803 934
804 807
805 807
805 853
806 807
806 809
807 809
807 951
808 811
808 921
809 810
809 811
809 812
810 811
811 813
811 814
811 932
811 918
812 815
813 915
814 815
814 817
815 817
815 865
816 925
817 819
817 894
818 819
818 820
818 982
819 821
820 822
820 823
820 897
821 822
821 824
821 851
822 967
823 826
823 864
824 825
824 826
824 827
825 828
826 828
826 905
827 828
827 830
828 830
828 871
829 830
829 831
829 935
830 832
830 833
830 850
831 832
831 902
832 835
833 834
833 836
833 883
834 837
835 836
835 837
835 838
835 904
837 839
838 959
839 840
839 841
839 842
840 842
840 867
841 842
841 844
842 905
843 845
844 922
845 847
845 848
846 848
847 848
847 850
848 850
849 850
849 851
849 852
850 851
850 853
851 852
851 853
852 854
852 923
852 926
853 855
853 856
854 855
855 938
855 929
856 858
856 944
857 860
858 859
858 860
858 861
860 862
861 862
861 953
862 863
863 864
863 865
863 866
864 866
864 916
866 868
866 915
868 869
868 963
869 888
869 955
870 873
870 944
872 873
872 874
873 874
873 875
873 876
873 934
875 966
876 878
877 878
879 881
880 881
880 882
880 953
881 882
881 884
882 883
882 884
883 886
884 886
884 887
885 886
885 888
886 887
887 889
887 890
888 890
888 891
890 891
890 962
891 893
891 894
892 894
893 896
895 931
896 996
898 899
898 900
898 901
899 902
900 901
900 902
901 903
902 903
902 905
903 925
904 905
906 907
906 908
907 909
907 910
908 909
909 910
909 911
910 912
911 914
912 913
912 915
913 914
913 916
914 916
914 957
916 917
916 919
917 918
917 920
918 919
919 920
919 922
920 922
920 926
924 927
927 929
928 929
929 931
930 931
930 933
930 968
931 934
932 934
932 935
935 938
936 938
937 938
937 940
938 965
939 940
939 942
940 941
941 944
942 945
943 946
944 960
946 948
946 975
947 949
949 951
950 953
951 954
952 955
954 957
955 989
958 960
958 961
958 995
959 961
959 962
960 962
960 963
962 964
962 965
963 964
963 965
964 966
965 968
966 968
967 968
967 969
969 971
969 972
970 971
970 972
971 972
972 973
972 975
973 974
973 975
973 976
974 975
976 977
976 978
976 979
977 978
977 979
977 980
979 980
979 981
979 982
980 982
981 982
981 984
982 984
982 985
983 984
984 985
985 987
986 988
986 989
988 990
989 991
990 992
990 993
991 994
992 993
992 994
992 995
993 994
993 995
993 996
994 995
994 997
995 996
995 997
996 999
997 998
998 999
