0 2
0 998
0 576
0 919
0 986
0 770
1 2
1 3
1 999
1 998
1 538
1 350
2 4
2 999
2 33
2 226
2 209
3 5
3 880
3 75
4 507
4 680
4 726
4 829
5 6
5 7
5 8
5 589
6 8
6 426
6 150
6 439
7 392
7 568
7 519
7 936
8 10
8 11
8 827
8 695
8 588
9 11
9 673
9 480
9 749
10 11
10 12
10 248
10 943
10 305
10 923
11 13
11 14
11 658
11 34
11 879
12 13
12 15
12 941
13 507
13 402
13 555
13 270
13 634
14 15
14 16
14 708
14 311
15 18
15 241
15 403
15 633
15 79
16 18
16 19
16 415
16 393
16 955
17 18
17 376
17 240
18 20
18 575
18 161
18 292
19 22
19 257
19 256
19 894
19 476
19 486
19 951
19 891
19 935
20 21
20 22
20 23
20 330
20 413
21 22
21 24
21 127
21 161
21 404
21 307
22 23
22 24
22 25
23 24
23 26
23 57
24 25
24 26
24 344
24 407
24 616
25 27
25 524
25 169
25 198
25 669
25 611
26 27
26 143
26 252
26 228
27 28
27 30
27 344
28 29
28 30
28 682
28 332
28 79
29 31
29 580
29 344
29 920
29 679
30 31
30 32
30 413
30 144
31 33
31 282
31 396
31 568
31 608
32 33
32 35
32 525
32 943
33 694
33 165
33 154
33 882
34 35
34 323
34 908
34 237
35 546
35 813
35 957
35 618
35 198
35 539
36 37
36 928
36 284
36 508
36 234
37 40
37 878
37 586
37 60
38 40
38 41
38 810
39 40
39 41
39 42
39 100
39 613
39 332
40 742
40 461
40 627
40 750
40 499
41 44
41 709
41 467
41 742
41 986
42 43
42 45
42 395
42 844
42 938
43 44
43 45
43 919
43 531
43 358
44 45
44 46
44 881
44 404
44 390
44 716
44 977
45 46
45 47
45 162
45 990
45 618
46 941
46 115
46 445
46 785
46 907
47 883
47 249
47 468
47 390
48 51
48 193
48 140
48 149
49 50
49 51
49 52
49 455
49 577
49 720
49 867
49 184
49 261
50 52
50 739
50 842
51 52
51 53
51 54
52 54
52 396
52 426
53 56
53 745
53 883
53 638
54 56
54 57
54 420
55 411
55 880
55 717
55 60
56 57
56 689
56 233
56 343
56 365
57 58
57 59
57 647
58 59
58 61
58 551
58 569
59 62
59 769
59 400
59 995
60 61
60 63
60 408
60 659
61 62
61 513
61 208
61 180
62 63
62 65
62 538
62 858
63 64
63 65
63 66
63 444
64 67
64 235
64 847
64 753
64 256
65 67
65 68
65 695
65 555
65 598
65 654
66 67
66 69
66 807
67 68
67 69
67 368
67 269
68 502
68 752
68 995
69 71
69 299
69 166
69 435
70 71
70 633
70 761
70 605
70 176
70 940
70 329
71 126
71 455
71 468
72 272
72 807
72 386
73 74
73 844
73 635
74 76
74 77
74 411
74 545
75 76
75 77
75 442
75 148
76 77
76 78
76 79
76 385
77 79
77 821
77 989
78 79
78 607
78 961
79 82
79 138
79 764
80 81
80 82
80 206
80 908
80 583
80 163
81 233
81 492
81 621
81 943
81 326
81 839
82 83
82 567
82 89
82 180
82 464
83 528
83 526
83 306
83 888
83 794
84 85
84 86
84 87
85 87
85 836
85 648
85 874
86 87
86 88
86 89
86 284
87 714
87 283
87 964
87 610
88 89
88 91
88 482
88 902
89 173
89 694
89 160
90 92
90 93
90 822
90 202
91 92
91 94
91 653
92 93
92 562
92 883
92 309
93 94
93 95
93 96
93 378
94 96
94 847
94 193
94 484
94 451
95 98
95 534
95 968
95 537
96 97
96 549
96 490
96 947
96 578
97 98
97 100
97 268
97 901
98 99
98 973
98 132
99 101
99 102
99 371
99 520
100 103
100 780
100 590
100 473
100 478
101 102
101 103
101 822
101 499
101 507
102 560
102 230
102 786
102 876
103 104
103 105
103 106
103 750
103 836
103 168
104 590
104 665
104 616
105 106
105 107
105 254
105 195
106 108
106 826
106 701
106 416
106 842
106 840
107 108
107 109
107 981
107 591
108 111
108 761
108 646
108 354
109 111
109 189
109 754
110 111
110 113
110 172
111 112
111 114
111 669
111 744
112 113
112 114
112 115
113 115
113 943
113 903
113 213
114 115
114 116
114 117
115 117
115 284
115 652
116 117
116 118
116 119
116 805
117 118
117 120
117 213
117 699
117 860
117 965
118 120
118 121
118 414
118 725
119 120
119 122
119 764
120 121
120 544
120 342
120 191
120 824
121 122
121 124
121 137
122 123
122 124
122 965
123 126
123 683
123 739
123 373
123 909
124 488
124 324
124 410
124 408
125 126
125 127
125 764
125 500
126 127
126 783
126 840
127 128
127 608
127 736
127 580
128 129
128 131
128 496
128 919
128 298
129 131
129 936
129 796
130 132
130 365
130 191
130 148
131 132
131 133
131 815
131 752
132 134
132 259
132 372
132 887
132 596
133 134
133 135
133 931
133 773
134 137
134 155
134 166
135 138
135 550
135 147
135 910
135 322
136 137
136 138
136 139
136 315
137 138
137 140
137 502
138 139
138 140
138 141
139 140
139 486
139 450
139 503
140 142
140 229
140 617
141 142
141 143
141 578
141 972
141 888
142 143
142 144
142 145
142 832
143 145
143 414
143 400
144 145
144 146
144 757
144 651
144 401
144 253
145 148
145 928
145 464
145 371
145 217
146 147
146 149
146 830
147 199
147 756
147 850
147 644
147 979
148 150
148 286
148 658
148 719
149 151
149 673
149 692
150 152
150 153
150 308
150 924
150 834
151 154
151 659
151 776
151 966
152 154
152 155
152 369
152 534
152 829
153 154
153 685
153 171
153 776
154 155
154 156
154 624
154 818
154 477
155 156
155 158
155 274
156 157
156 159
156 580
156 941
157 160
157 254
157 679
158 160
158 161
158 686
158 484
159 160
159 162
159 717
159 770
160 993
160 366
160 345
160 792
160 957
160 325
161 164
162 909
162 214
162 549
162 806
163 164
163 165
163 493
164 165
164 694
164 849
164 964
165 166
165 167
165 168
165 309
165 288
166 167
166 168
166 169
166 188
167 168
167 169
167 681
168 170
168 416
169 171
169 452
170 172
170 904
170 561
170 910
170 720
171 172
171 173
171 821
172 173
172 366
172 887
172 522
173 175
173 176
173 717
173 426
174 175
174 177
174 227
174 274
174 732
174 857
175 177
175 964
175 267
176 177
176 425
176 387
176 668
177 178
177 179
177 246
178 179
178 180
178 293
179 348
179 547
179 994
180 182
180 436
180 351
180 216
181 182
181 183
181 184
181 574
182 183
182 184
182 402
182 928
182 410
182 479
183 377
183 489
183 794
183 822
184 185
184 186
184 753
184 815
185 187
185 883
185 651
185 838
186 187
186 189
186 846
186 506
187 999
187 797
187 735
187 296
187 512
187 546
188 681
188 656
188 920
189 191
189 192
189 784
190 192
190 694
190 356
191 192
191 193
191 200
191 229
191 243
191 396
191 586
192 193
192 194
192 195
192 521
192 233
192 528
193 196
193 668
193 643
193 256
194 196
194 197
194 776
195 196
195 198
195 930
195 565
195 968
195 207
196 197
196 198
196 767
197 198
197 270
197 395
197 780
197 311
198 200
198 696
199 200
199 201
199 662
199 436
199 776
200 203
200 478
201 203
201 204
201 980
202 938
202 805
203 205
203 546
203 501
204 205
204 206
204 404
204 980
205 206
205 612
205 663
205 465
205 391
206 209
206 608
206 461
206 953
207 208
207 209
207 481
207 760
208 211
208 824
208 233
209 241
209 647
209 475
209 319
210 211
210 212
210 996
211 212
211 213
211 214
211 653
211 985
211 252
212 701
212 817
212 554
212 375
213 215
213 216
213 782
213 900
214 215
214 217
214 512
215 216
215 218
215 533
215 761
216 217
216 218
216 219
216 797
217 220
217 475
218 220
218 221
218 289
218 241
218 893
219 707
219 559
219 566
220 221
220 498
220 942
220 786
221 224
221 297
221 330
222 223
222 224
222 225
222 939
223 225
223 461
223 313
224 225
224 831
224 850
224 269
224 970
224 513
225 227
225 930
225 989
226 229
226 400
227 229
227 321
227 970
228 230
228 500
228 331
229 232
229 994
229 499
229 844
229 476
230 232
230 808
230 405
230 419
231 232
231 234
231 608
231 267
232 233
232 235
232 571
233 557
233 257
233 431
233 839
234 358
234 440
234 558
235 237
235 238
235 657
235 853
236 237
236 239
236 534
236 618
236 715
236 659
237 239
237 854
237 571
238 240
238 241
238 953
239 240
239 241
239 242
240 243
240 501
240 350
241 242
241 689
242 244
242 245
242 773
242 570
243 246
243 963
243 485
244 245
244 246
244 478
244 568
244 597
244 686
244 996
245 246
245 248
245 275
245 405
245 554
246 247
246 250
246 680
246 576
246 748
247 249
247 380
247 540
247 317
248 665
248 971
248 542
249 589
249 295
249 814
250 889
250 966
250 363
250 271
251 253
251 254
251 864
251 381
252 253
252 255
253 255
253 865
253 460
253 985
254 255
254 468
254 511
254 759
254 867
255 258
255 535
255 750
255 607
257 260
257 903
257 580
258 260
258 268
258 481
258 592
259 260
259 262
259 944
259 964
260 262
260 263
260 969
261 263
261 758
261 917
262 263
262 264
262 631
263 265
263 266
263 898
264 265
264 267
264 902
265 903
265 547
265 429
265 501
266 267
266 268
266 339
266 633
267 268
267 269
268 270
268 271
268 782
268 619
268 501
269 958
269 742
270 271
270 984
270 649
270 370
271 274
271 530
271 550
271 798
271 913
272 273
272 274
272 275
272 878
273 275
273 276
273 721
274 276
274 277
274 721
274 917
275 278
275 520
276 422
276 679
276 975
277 278
277 279
277 280
277 383
277 422
277 934
277 967
278 279
278 370
278 975
278 793
279 281
279 529
279 515
280 281
280 282
280 283
280 373
281 283
281 284
281 406
281 498
281 638
281 886
281 686
282 284
282 285
282 446
282 365
283 301
283 970
283 668
283 864
284 620
284 546
284 542
285 287
285 984
285 316
285 845
285 859
286 287
286 288
286 666
286 868
286 610
287 289
287 523
287 738
287 938
288 289
288 290
289 291
289 292
289 347
290 292
290 293
290 793
290 333
290 538
291 293
291 294
291 604
291 349
291 962
292 294
292 295
292 729
292 575
293 295
293 296
293 822
293 366
294 297
294 617
294 513
295 640
295 863
295 679
296 298
296 875
296 592
297 298
297 299
297 300
298 300
298 922
299 300
299 302
299 963
299 677
300 301
300 302
300 651
301 303
301 304
302 303
302 305
302 774
302 849
303 820
303 854
303 632
303 641
304 307
304 490
304 312
305 306
305 307
305 827
305 986
306 307
306 309
307 308
307 309
307 373
307 719
307 956
307 717
307 796
308 309
308 698
309 312
309 904
309 777
310 312
310 742
310 765
310 983
311 916
311 888
311 549
311 563
312 314
312 315
312 599
313 314
313 315
313 316
313 791
313 573
314 317
314 331
314 600
315 316
315 318
315 655
316 317
316 318
316 319
316 684
317 319
317 320
317 407
318 319
318 321
318 360
319 321
319 401
319 880
319 800
320 323
320 454
320 848
320 882
321 322
321 323
321 865
321 983
321 606
322 323
322 324
323 326
323 642
323 394
324 327
324 526
324 853
325 824
325 369
326 327
326 373
326 854
327 329
327 330
327 953
327 867
328 329
328 331
328 665
328 897
328 746
329 331
329 468
329 967
329 509
329 680
330 332
330 333
330 824
331 332
331 333
332 333
333 335
333 336
333 939
334 335
334 336
334 337
334 584
335 336
335 338
335 696
335 519
336 337
336 338
336 815
336 938
336 981
337 338
337 340
337 769
337 425
338 339
338 340
338 341
339 342
339 379
339 992
339 668
339 823
340 341
340 343
340 713
340 427
341 342
341 343
341 344
341 926
341 673
342 729
342 522
342 357
342 499
343 344
343 346
343 991
343 610
344 477
344 598
344 845
344 506
345 346
345 347
345 348
345 983
346 620
346 904
346 856
346 735
346 954
347 348
347 350
347 636
347 808
347 550
347 756
348 349
348 454
348 690
348 708
349 350
349 352
350 351
350 352
350 842
350 899
350 451
351 352
351 354
351 927
352 355
352 655
352 393
352 548
352 580
353 354
353 356
353 773
354 355
354 356
354 845
354 880
355 356
355 358
355 582
356 357
356 358
356 359
356 980
356 471
356 846
357 358
357 746
357 974
357 506
357 909
357 382
358 359
358 360
358 361
358 683
359 360
359 771
359 530
359 407
360 362
360 571
360 558
360 978
361 363
361 751
361 600
361 972
362 856
362 965
362 454
362 907
362 774
363 364
363 366
364 367
364 405
364 569
364 954
365 786
365 675
365 445
366 369
367 368
367 369
367 370
367 662
367 869
368 370
368 371
369 370
369 371
369 372
370 371
370 373
370 891
370 634
371 373
371 374
371 382
371 386
372 453
372 773
373 375
374 375
374 531
374 545
374 582
375 377
375 667
375 758
375 442
376 377
376 379
376 436
376 772
376 488
376 503
377 378
377 769
377 839
378 380
378 930
378 964
379 381
379 382
380 381
380 777
380 404
380 476
381 384
381 821
381 540
381 494
382 383
382 384
382 526
383 386
383 911
384 386
384 505
384 388
384 618
384 999
384 847
384 955
385 386
385 570
385 464
386 387
386 389
387 388
387 668
387 399
388 391
388 686
388 821
389 390
389 802
389 880
389 689
389 408
390 391
390 516
390 411
391 392
391 822
391 534
391 865
392 393
392 394
392 395
393 421
393 494
393 782
394 512
394 989
395 618
395 514
396 397
396 399
397 398
397 399
397 631
398 955
398 999
398 651
398 462
398 782
399 401
399 402
399 720
399 515
400 543
400 951
400 515
400 990
401 402
401 805
401 467
401 768
401 485
402 405
402 880
403 405
403 406
403 915
404 407
404 719
405 407
405 864
405 890
405 783
406 407
406 509
406 975
407 408
407 410
407 448
408 410
408 411
408 486
408 632
408 990
409 411
409 412
409 938
409 856
410 617
410 628
410 853
410 620
410 689
411 412
411 833
412 413
412 415
412 539
412 882
413 601
414 415
414 416
414 417
414 523
415 417
415 418
415 449
415 734
416 417
416 419
416 731
417 418
417 419
417 509
417 892
418 419
418 420
418 889
418 561
419 420
419 421
419 422
420 421
420 422
420 662
421 858
421 747
421 710
421 937
421 510
421 818
422 424
422 425
423 425
423 426
423 959
424 425
424 426
424 427
425 426
425 428
425 929
426 427
426 428
426 519
427 898
427 631
428 429
428 430
428 431
428 799
429 430
429 432
429 728
430 432
430 433
430 800
430 492
431 432
431 729
432 433
432 435
432 500
432 697
433 434
433 435
433 436
433 642
433 737
434 435
434 436
434 437
434 454
435 987
435 773
436 437
436 438
436 557
436 993
436 634
437 438
437 439
437 440
437 681
438 439
438 441
438 612
438 562
438 632
438 795
438 934
439 440
439 442
439 456
439 677
440 441
440 544
440 498
440 574
440 675
440 567
441 443
441 480
441 995
441 811
442 812
442 667
442 739
443 444
443 446
443 937
443 788
444 447
444 612
445 447
445 448
445 661
446 448
446 449
446 962
447 448
447 450
447 785
448 449
448 451
449 450
449 451
449 452
450 451
450 453
451 704
451 580
451 757
451 966
452 453
452 454
452 455
452 713
453 454
453 455
453 456
453 561
454 455
454 456
455 458
455 795
455 733
455 495
456 457
456 458
456 459
456 829
456 863
457 458
457 459
457 460
457 839
458 461
458 977
458 714
458 628
458 957
459 462
459 690
459 876
459 894
460 463
460 505
461 463
461 703
461 549
461 785
462 463
462 465
462 564
462 875
463 465
463 466
463 754
464 466
465 466
465 467
465 468
466 468
466 469
466 519
467 470
468 470
468 471
468 893
469 471
469 472
469 676
470 471
470 472
470 831
471 472
471 473
472 474
472 475
472 844
472 895
473 475
473 978
473 975
473 665
473 729
474 475
474 477
474 592
474 891
474 522
475 476
475 477
475 763
476 810
477 478
478 585
478 536
478 722
479 481
479 787
479 505
480 482
480 483
480 492
480 992
481 482
481 686
481 747
482 483
482 484
482 597
482 502
483 485
483 486
483 707
483 541
483 622
484 487
485 486
485 488
485 835
486 489
487 753
487 913
487 871
487 951
487 671
487 766
488 489
488 490
488 602
489 492
489 514
489 871
490 493
490 659
490 998
490 743
491 492
491 493
491 494
492 660
493 496
493 918
494 906
494 990
494 796
495 496
495 497
495 502
495 612
495 864
496 498
496 499
496 565
496 945
497 498
497 499
497 500
497 731
498 501
498 868
500 502
500 503
500 864
500 793
500 917
501 503
501 976
502 503
502 504
502 661
503 505
503 693
503 869
504 505
504 637
504 910
505 507
505 817
506 991
507 508
507 510
507 765
507 891
508 509
508 705
508 866
508 547
509 510
509 512
509 920
510 511
510 836
511 512
511 513
511 855
512 514
512 690
513 516
513 824
513 558
513 660
514 515
514 516
514 594
515 517
515 582
515 957
515 811
515 711
516 517
516 518
516 606
516 852
517 519
517 826
517 557
517 920
518 519
518 520
518 521
518 950
519 521
519 522
519 570
520 522
520 523
520 554
521 523
521 524
522 524
522 525
522 581
523 737
523 591
523 569
524 527
524 819
524 956
524 872
525 528
525 788
525 738
526 528
526 957
527 528
527 529
527 778
528 917
528 759
528 764
529 530
529 532
529 660
530 531
530 533
531 534
532 533
532 534
532 817
533 535
533 536
533 842
534 537
535 537
535 538
535 565
536 538
536 744
536 976
537 538
537 539
538 541
538 634
539 541
540 541
540 543
540 813
540 780
541 844
541 822
542 544
542 888
543 546
543 730
544 546
544 547
544 648
545 547
545 548
545 853
545 921
546 547
546 548
547 549
547 550
547 650
548 549
548 551
548 575
548 656
549 706
550 552
550 553
550 607
551 552
551 833
551 890
552 554
552 778
552 687
553 554
553 753
553 679
553 733
554 857
554 741
555 938
555 801
556 557
556 558
556 930
556 837
557 773
557 724
558 560
558 633
559 560
559 561
559 804
559 667
560 561
560 563
560 900
560 672
561 933
561 912
561 710
562 564
563 564
563 587
563 584
564 565
564 566
564 567
564 945
565 568
565 907
566 567
566 569
566 730
567 568
567 569
567 884
568 569
568 571
569 572
569 784
569 851
570 686
571 572
571 573
572 573
572 574
572 575
572 678
573 574
573 718
573 864
574 577
574 893
574 590
575 595
576 577
576 579
576 751
576 623
576 639
577 810
577 658
577 765
578 580
579 580
579 581
579 630
579 860
579 847
580 934
581 582
581 583
582 584
582 979
582 983
583 584
583 585
583 586
583 760
583 613
584 585
584 586
584 649
585 586
585 587
585 588
586 915
586 622
587 590
587 688
588 589
588 591
589 590
589 591
590 591
590 939
590 826
591 593
591 594
592 594
592 769
593 594
593 595
593 596
593 732
594 595
594 596
594 664
594 856
595 596
595 597
595 598
596 597
596 751
596 982
596 652
597 750
598 601
599 600
599 601
599 990
599 720
600 601
600 603
601 602
601 603
601 784
601 950
602 603
602 605
602 790
603 604
603 605
603 606
604 605
604 606
604 607
605 606
605 607
605 608
605 623
606 607
606 609
606 883
606 779
606 819
607 644
608 610
609 610
609 611
609 612
610 694
610 863
611 614
611 924
611 674
611 693
611 698
611 643
611 809
612 614
613 614
614 615
614 703
614 876
614 682
615 616
615 617
615 956
616 619
616 822
616 899
617 618
617 619
617 620
617 891
618 621
618 722
619 621
619 956
620 621
620 623
620 699
620 695
621 622
621 624
621 721
621 887
622 623
622 683
623 624
623 692
623 700
623 838
624 626
624 627
625 626
625 627
625 628
626 627
626 628
626 629
626 755
627 629
627 630
628 931
628 878
629 630
629 631
629 632
630 632
630 633
631 632
631 633
631 634
632 634
633 636
633 810
634 665
635 636
635 637
635 861
636 638
636 922
636 954
636 961
637 638
637 639
637 907
638 640
639 778
639 926
640 641
640 642
640 643
641 642
641 643
641 644
642 644
642 645
642 740
642 814
643 646
644 645
644 647
644 925
645 646
645 647
645 648
646 648
646 649
647 648
647 649
647 650
648 649
648 651
649 650
649 651
650 651
650 826
650 929
650 751
650 821
651 654
651 771
651 825
651 755
652 653
652 654
652 655
653 655
653 656
654 657
654 814
655 657
655 658
655 761
655 974
655 705
656 658
656 659
656 752
657 658
657 660
657 733
658 659
659 661
659 763
659 788
660 775
660 754
660 900
661 662
661 842
662 840
663 664
663 665
663 666
664 665
664 666
664 667
664 896
666 667
666 882
666 782
667 706
667 780
668 669
668 670
668 895
669 672
669 982
670 671
670 673
670 836
670 705
671 673
671 818
672 673
672 675
672 833
673 674
673 831
674 677
674 810
675 676
675 677
675 678
676 677
676 678
676 911
677 678
677 680
678 679
678 681
678 834
678 988
679 680
679 681
680 701
681 683
681 684
681 861
682 890
682 789
683 685
683 695
684 686
684 687
685 688
685 733
687 688
687 689
687 690
688 691
688 965
688 907
688 747
690 692
690 693
690 846
691 692
691 694
691 831
692 695
692 762
693 696
693 939
693 907
694 695
694 697
694 976
695 698
695 866
696 699
697 698
697 699
697 888
697 922
697 937
698 699
698 700
698 701
698 907
699 701
699 702
699 727
700 701
700 703
701 703
701 704
701 770
701 920
702 703
702 704
702 705
703 705
703 706
703 944
704 705
704 706
704 707
704 994
705 930
706 707
706 708
706 902
706 720
707 708
707 709
707 969
707 864
708 743
708 774
709 710
709 711
709 712
710 711
710 927
711 713
711 714
711 757
712 713
712 714
712 715
713 714
713 941
714 715
714 716
714 717
715 716
715 718
716 717
716 803
716 909
717 718
717 720
718 721
718 802
720 721
721 722
721 724
722 723
723 726
723 934
723 966
724 725
724 726
724 727
725 726
725 728
725 758
725 875
725 813
726 727
726 729
727 729
727 910
728 730
728 731
729 730
729 731
730 731
730 733
730 812
730 809
731 733
732 733
733 734
733 736
733 860
734 737
734 745
734 885
735 736
735 959
736 737
736 739
736 992
737 738
737 740
738 739
738 740
738 741
739 789
740 741
740 825
741 742
741 935
742 744
742 745
743 744
743 746
743 747
743 756
744 745
744 747
744 824
745 747
745 748
745 962
746 748
747 750
748 749
748 750
748 751
749 750
749 751
749 752
750 753
750 787
751 754
752 994
753 921
754 756
754 757
755 757
756 760
756 964
757 760
757 785
758 760
758 764
759 761
762 763
762 794
763 764
763 765
763 766
763 861
763 864
764 766
764 837
765 768
766 767
766 768
767 768
767 769
767 770
768 769
768 771
769 772
770 773
771 773
771 774
771 884
772 773
772 775
772 945
773 774
773 997
774 775
775 776
775 777
775 778
776 777
776 778
777 779
778 779
778 780
778 781
779 781
779 963
779 916
780 859
780 946
780 942
781 783
781 784
781 985
782 783
782 888
783 784
783 785
783 786
784 787
784 906
784 980
785 786
785 974
786 789
786 787
787 788
787 789
787 790
788 789
789 790
789 791
789 792
789 954
789 996
790 791
790 793
791 793
791 872
792 795
792 884
793 795
794 795
794 796
795 797
795 979
796 797
797 799
797 887
798 801
798 879
799 801
799 802
800 801
800 802
801 802
801 803
801 804
801 930
801 910
802 804
802 862
803 805
803 806
804 805
804 807
804 923
805 807
805 808
805 813
806 807
806 808
807 808
807 810
807 937
807 846
807 936
808 811
808 955
809 810
809 811
810 812
810 895
811 812
811 814
812 814
812 815
814 815
814 816
814 861
815 816
815 978
816 817
816 818
816 875
817 819
817 820
818 819
818 820
819 820
819 821
819 972
820 821
820 822
820 946
821 823
821 918
822 824
822 825
823 824
823 825
825 827
825 828
826 828
827 829
827 927
828 829
828 830
828 831
828 851
829 831
830 831
830 832
830 833
831 833
831 834
832 833
832 834
833 834
833 836
833 935
834 836
835 836
835 837
836 837
836 839
837 838
837 839
838 839
838 841
838 862
839 841
839 975
840 841
840 842
840 843
841 842
841 843
841 851
841 968
843 844
843 845
843 846
843 949
844 998
845 935
846 848
846 993
847 848
847 849
848 849
848 850
848 974
849 850
850 851
850 853
850 872
852 853
852 854
852 855
852 980
854 857
855 857
855 858
856 858
857 858
857 859
858 859
858 860
859 861
859 899
859 986
860 863
862 863
862 865
863 865
863 989
864 994
864 973
865 866
865 927
866 867
866 869
866 971
867 901
868 871
868 952
869 870
870 871
870 872
870 873
871 873
871 944
872 874
872 932
873 874
873 875
873 876
874 875
874 876
874 877
875 950
876 878
876 940
877 878
877 879
877 880
878 880
878 881
879 880
879 881
881 883
881 884
883 885
883 886
884 887
885 886
885 888
885 905
886 888
886 889
888 891
889 892
890 893
892 893
892 894
892 962
893 895
893 894
894 895
894 897
895 897
896 898
896 899
897 898
897 900
897 946
898 900
898 901
898 976
899 901
900 903
901 904
902 903
903 923
903 978
903 925
904 905
904 906
904 907
905 906
905 908
906 907
906 908
906 909
907 909
908 910
908 911
909 910
909 912
910 912
911 913
911 914
911 965
912 913
912 914
912 915
913 916
913 989
914 915
914 916
914 917
915 917
916 917
916 919
918 919
918 920
919 922
920 921
921 924
922 923
923 971
924 925
924 927
925 926
925 927
926 927
926 929
928 931
929 931
929 932
931 932
931 934
932 933
932 960
933 934
933 936
934 935
935 936
935 937
936 937
937 939
938 939
940 943
941 942
941 943
941 944
942 943
943 944
943 945
944 945
944 947
946 949
947 948
947 949
947 950
948 949
948 950
948 951
949 950
949 952
950 952
951 954
952 955
952 961
953 954
953 955
954 956
955 956
956 958
956 959
958 960
958 961
958 969
959 960
959 962
960 962
960 963
960 965
961 962
961 963
962 963
962 984
963 965
963 966
965 967
966 967
967 968
968 969
968 971
969 970
969 972
971 972
971 973
972 975
973 974
973 975
973 985
974 977
975 977
976 979
977 978
977 979
978 980
978 981
981 982
982 984
982 985
983 984
984 986
987 988
987 989
987 990
988 989
988 991
989 990
989 991
991 993
991 994
993 995
994 997
995 997
995 998
996 998
997 998
997 999
998 999
