0 997
0 765
0 507
0 81
0 47
0 820
0 587
1 359
1 426
1 643
1 564
1 897
1 85
1 603
2 613
2 592
2 664
2 682
3 6
3 465
3 519
3 752
3 310
3 786
4 5
4 299
4 447
4 717
4 762
4 475
5 7
5 904
5 449
5 19
6 547
6 512
6 610
6 984
6 534
6 700
7 8
7 338
7 900
7 708
7 200
7 639
8 808
8 441
8 121
8 942
9 12
9 727
9 184
9 526
9 697
10 13
10 399
10 317
10 760
10 330
11 448
11 657
11 359
11 482
11 509
12 15
12 993
12 368
12 734
12 878
12 386
13 14
13 15
13 794
14 15
14 16
14 796
14 653
14 84
14 435
14 540
15 16
15 18
15 708
15 774
16 756
16 295
16 885
16 381
16 475
17 498
17 77
17 122
17 422
17 394
17 483
17 561
18 954
18 464
18 450
18 777
18 58
18 815
19 555
19 509
19 480
19 108
20 485
20 394
20 513
20 771
20 164
21 793
21 641
21 243
21 45
22 23
22 24
22 618
22 95
22 165
22 723
23 24
23 76
23 261
23 571
23 932
23 759
23 492
24 26
24 677
24 566
25 28
25 553
25 591
25 108
25 837
26 302
26 529
26 830
26 604
26 477
26 987
26 334
27 991
27 299
27 931
27 771
27 212
27 515
28 30
28 145
28 397
28 694
28 56
29 31
29 32
29 733
29 345
30 32
30 855
30 624
31 333
31 376
31 337
31 656
31 551
32 723
32 89
32 338
32 701
32 423
32 945
32 999
33 35
33 397
33 642
33 74
34 37
34 832
34 688
34 173
35 860
35 295
35 334
35 177
36 791
36 795
36 138
36 212
36 707
37 801
37 931
37 102
37 695
37 613
38 606
38 187
38 484
38 770
38 577
38 762
38 651
39 48
39 732
39 816
39 859
39 591
39 794
39 124
39 719
40 43
40 149
40 963
40 358
40 468
40 990
41 42
41 43
41 532
41 474
41 716
42 45
42 444
42 253
42 985
43 44
43 603
43 330
43 69
43 482
44 46
44 173
44 605
44 529
45 47
45 235
45 178
46 858
46 120
46 312
46 419
46 50
46 71
47 48
47 302
47 340
47 833
47 950
47 759
48 51
48 383
48 714
48 277
49 51
49 52
49 137
49 316
49 987
49 696
49 909
49 645
50 755
50 217
50 372
50 382
51 786
51 452
51 792
51 671
51 83
52 690
52 710
52 726
52 418
53 908
53 673
53 181
53 561
53 239
53 616
54 68
54 891
54 409
54 169
54 170
54 253
54 354
54 151
55 56
55 58
55 956
55 386
55 705
55 712
56 101
56 526
56 945
56 125
57 957
57 327
57 142
57 449
58 347
58 495
58 959
58 210
59 735
59 922
59 554
59 972
59 463
60 243
60 933
60 318
61 530
61 112
61 158
61 976
61 390
61 748
61 636
62 739
62 740
62 831
62 143
63 84
63 461
63 776
63 508
63 325
64 67
64 247
64 711
64 985
65 548
65 620
65 558
65 683
65 729
66 67
66 677
66 791
66 365
66 265
66 504
66 890
67 609
67 605
67 540
67 859
68 125
68 543
68 841
68 564
68 477
68 863
69 854
69 470
69 448
69 524
69 338
69 377
70 595
70 720
70 148
70 579
71 595
71 452
71 403
71 421
71 520
72 730
72 718
72 457
72 236
72 679
72 243
73 74
73 198
73 606
73 458
73 612
73 690
73 294
74 76
74 448
74 169
75 832
75 312
75 137
75 569
75 417
76 871
76 978
76 975
76 112
77 822
77 960
77 906
77 821
78 734
78 393
78 872
79 81
79 961
79 139
79 479
79 709
79 570
79 593
80 652
80 862
80 242
80 684
80 197
80 136
80 175
81 756
81 264
81 459
81 762
81 860
81 544
81 248
81 572
81 440
81 215
81 734
82 124
82 140
82 718
82 929
82 122
83 85
83 787
83 131
83 487
83 872
84 361
84 802
84 379
84 236
85 744
85 172
85 865
85 389
85 819
86 314
86 109
86 120
86 143
86 520
86 980
86 812
87 143
87 831
87 906
88 614
88 794
88 968
88 509
88 126
89 425
89 835
89 126
89 538
89 363
89 615
90 91
90 93
90 938
90 247
90 674
91 170
91 422
91 761
91 536
91 935
92 487
92 349
92 442
92 495
92 396
93 834
93 598
93 418
93 843
93 995
93 770
93 764
94 657
94 275
94 321
94 728
94 927
95 96
95 181
95 350
95 270
95 869
96 98
96 397
96 185
96 186
96 540
96 526
97 100
97 260
97 875
97 483
98 101
98 804
98 683
99 102
99 654
99 157
99 307
99 245
100 102
100 336
100 214
100 934
100 965
100 719
101 103
101 147
101 914
101 321
101 251
101 731
102 384
102 617
102 638
102 603
102 117
102 467
103 104
103 105
103 547
103 192
103 809
103 835
103 892
103 379
104 107
104 323
104 364
104 288
104 640
104 934
105 107
105 451
105 405
105 645
106 529
106 107
106 925
107 194
107 300
107 872
107 556
108 109
108 684
108 721
108 941
108 610
109 112
109 524
109 148
109 182
110 113
110 769
110 413
110 744
110 802
110 959
110 936
110 963
110 553
111 114
111 139
111 626
111 175
111 492
112 891
112 944
112 279
113 116
113 718
113 480
113 785
113 724
114 115
114 740
114 756
114 282
114 248
114 353
115 729
115 326
115 124
115 401
115 554
115 506
116 119
116 871
116 514
116 302
116 606
117 293
117 279
117 523
117 535
117 331
117 701
117 803
118 440
118 364
118 411
118 758
118 584
119 906
119 136
119 721
119 342
120 439
120 330
120 563
120 796
121 638
121 137
121 962
121 146
121 537
122 751
122 697
122 545
122 981
123 124
123 126
123 131
123 575
124 126
124 219
124 665
125 128
125 847
125 866
126 127
126 128
126 129
126 383
126 964
127 921
127 913
127 873
127 940
128 964
128 916
128 161
128 662
128 914
129 600
129 985
129 435
129 352
129 998
129 824
129 397
129 662
130 345
130 226
130 756
130 268
130 413
131 132
131 861
131 944
132 135
132 635
132 739
132 873
133 134
133 135
133 939
133 609
134 283
134 217
134 265
134 633
134 723
134 624
135 783
135 322
135 334
135 330
135 895
135 284
136 423
136 461
136 339
136 556
136 775
137 138
137 242
137 973
137 977
137 711
138 993
138 461
138 654
138 399
139 141
139 347
139 808
140 683
140 603
140 457
140 157
140 578
140 781
141 975
141 408
141 463
141 636
141 586
142 788
142 440
142 879
142 168
142 525
142 857
142 978
143 540
143 424
143 871
143 572
144 145
144 146
144 448
145 147
145 582
145 649
145 930
145 755
146 882
146 885
146 742
147 150
147 894
147 386
147 707
148 150
148 594
148 230
148 927
148 441
149 150
149 151
149 281
149 186
150 151
150 574
150 722
150 153
151 153
151 534
152 660
152 243
152 566
152 750
152 398
153 415
153 224
153 405
153 753
153 646
154 290
154 220
154 773
154 637
154 655
154 361
154 767
154 924
155 175
155 790
155 509
155 745
155 448
155 539
156 159
156 956
156 262
156 922
157 863
157 860
158 310
158 573
158 585
159 160
159 161
159 582
159 745
160 163
160 348
160 425
161 162
161 548
161 755
161 646
161 601
161 940
162 163
162 164
162 314
162 364
163 936
163 636
163 679
163 666
164 166
164 720
164 689
164 931
165 765
165 917
165 265
165 480
166 167
166 488
166 534
166 219
166 203
167 170
167 463
167 328
167 488
167 728
167 641
167 897
167 937
168 169
168 171
168 388
168 764
168 172
168 334
168 509
169 415
169 332
169 245
169 816
170 438
170 176
170 410
170 988
171 940
171 592
171 655
171 659
171 366
171 556
172 546
172 723
172 584
172 579
173 174
173 176
173 625
173 554
174 176
174 711
174 886
174 956
174 604
175 779
176 178
176 179
176 850
176 676
177 999
177 530
177 525
177 769
177 341
178 180
178 991
178 592
178 899
179 180
179 181
179 182
179 355
180 181
180 183
180 443
180 380
180 706
181 274
181 489
181 918
181 672
182 184
182 208
182 583
182 313
182 995
183 224
183 569
183 530
183 532
183 892
183 303
184 187
184 996
184 809
184 550
184 992
185 187
185 672
185 687
185 550
186 188
186 257
186 887
186 433
186 563
186 550
186 223
186 843
187 190
187 946
187 188
187 468
187 531
187 599
188 317
188 303
188 711
188 791
188 561
189 192
189 229
189 852
189 507
189 824
189 933
190 192
190 544
190 301
190 536
190 660
190 339
190 862
191 193
191 772
191 259
191 505
191 390
191 565
191 889
192 904
192 969
192 280
192 325
193 299
193 348
193 359
193 626
193 872
193 638
194 582
194 325
194 507
194 993
195 196
195 197
195 935
195 912
196 198
196 405
196 611
196 500
197 296
197 663
197 989
197 525
197 719
197 304
198 852
198 285
198 618
199 201
199 684
199 594
199 348
200 201
200 492
200 879
200 627
201 570
201 579
201 622
201 839
201 864
201 601
201 254
202 204
202 205
202 314
202 920
202 910
203 205
203 593
203 750
203 862
204 207
204 278
204 451
204 749
204 832
205 621
205 763
205 329
205 383
206 208
206 955
206 726
206 212
206 523
206 644
207 685
207 735
207 341
207 914
207 862
207 232
208 209
208 375
208 490
208 832
209 553
209 251
209 765
209 741
209 360
209 404
210 213
210 893
210 324
210 216
211 753
211 393
211 433
211 224
211 891
212 785
212 253
213 392
213 706
213 927
213 868
213 246
214 658
214 746
214 577
214 401
215 216
215 235
215 256
215 894
216 912
216 712
216 761
216 349
216 442
217 220
217 597
218 876
218 535
218 524
219 222
219 965
219 557
219 255
219 648
220 992
220 512
221 222
221 394
221 974
222 247
222 597
222 712
222 248
222 264
223 677
223 880
223 284
224 227
225 228
225 926
225 758
225 535
225 766
225 770
226 229
226 721
226 374
226 763
226 250
227 516
227 933
227 402
227 568
227 731
227 597
228 229
228 894
228 938
228 834
228 508
228 722
229 349
229 690
229 491
229 503
229 331
229 336
229 947
230 233
230 906
230 378
230 654
230 721
231 233
231 532
231 394
231 854
231 427
231 974
232 788
232 929
232 367
232 586
232 629
232 712
232 588
233 234
233 384
233 492
233 834
233 880
234 237
234 632
234 657
234 670
234 781
234 912
235 418
235 438
235 443
236 573
236 447
237 988
237 820
237 486
237 512
238 363
238 354
238 893
238 940
238 499
239 241
239 242
239 622
239 768
239 681
240 945
240 414
240 350
240 956
240 376
241 242
241 244
241 588
241 566
241 252
241 695
242 805
242 441
243 339
243 594
244 247
244 745
244 249
244 534
244 809
245 943
246 247
246 249
246 270
246 801
247 786
247 953
247 400
248 737
248 984
249 345
249 665
249 795
250 610
250 308
250 749
250 930
250 462
250 549
251 253
252 456
252 897
252 544
253 254
254 255
254 300
254 457
255 258
255 896
255 478
255 960
256 259
256 423
256 257
256 578
256 567
256 932
257 260
257 672
257 742
258 259
258 261
258 288
258 779
258 835
259 505
259 866
259 343
259 362
260 261
260 263
260 685
261 263
261 832
261 432
261 842
262 263
262 265
262 824
262 299
263 264
263 578
263 546
263 846
263 509
264 857
266 321
266 402
266 626
266 295
266 481
266 508
266 555
266 707
267 366
267 958
267 926
267 634
267 733
268 270
268 712
268 565
269 777
269 333
269 988
269 452
270 271
270 521
270 555
271 680
271 384
271 598
272 963
272 677
272 458
273 719
273 832
273 966
273 406
273 621
274 276
274 663
274 950
274 947
274 384
275 285
275 281
275 658
276 416
276 903
276 950
276 801
276 653
277 279
277 701
277 805
277 866
278 280
278 281
278 310
278 464
278 323
279 466
279 968
279 292
279 745
280 281
280 864
280 836
280 924
280 396
281 476
281 803
281 649
281 654
282 551
282 440
282 295
282 443
283 285
283 925
283 359
283 963
284 286
284 448
284 951
284 949
285 288
285 569
285 465
286 645
286 746
286 449
287 843
287 311
287 781
288 885
288 464
289 509
289 788
289 899
289 323
289 614
289 747
290 291
290 292
290 770
290 311
290 755
290 573
291 293
291 294
291 710
291 610
291 429
291 895
292 293
292 295
292 433
292 808
292 874
292 830
293 294
293 296
293 477
293 869
294 743
294 983
294 614
294 589
294 616
294 789
294 494
295 877
295 534
295 639
295 466
296 297
296 298
296 299
296 381
296 845
297 300
297 784
297 552
297 974
297 970
297 461
298 300
298 670
298 341
298 463
299 881
299 460
299 968
299 969
299 847
300 861
300 363
301 302
301 531
301 737
301 621
302 304
302 846
303 336
304 306
304 307
304 926
304 677
305 306
305 308
305 704
305 541
306 309
306 764
306 982
306 726
306 673
307 309
307 894
307 974
307 393
307 456
307 818
307 899
307 319
308 769
308 454
308 419
308 702
309 330
309 374
309 800
310 544
310 367
310 622
310 705
311 312
311 782
311 962
311 859
312 989
312 798
312 803
313 315
313 974
313 861
313 892
314 315
314 891
315 318
315 375
315 906
315 962
316 695
316 908
317 320
317 904
318 319
318 320
318 963
319 920
319 824
319 901
319 412
319 986
320 545
320 957
320 911
320 719
321 324
321 552
321 471
322 324
322 482
322 382
322 968
322 930
323 324
323 325
323 902
323 929
324 326
324 334
324 734
324 608
324 738
325 975
325 738
325 644
325 551
326 329
326 803
327 329
327 699
327 851
327 661
327 645
328 667
328 914
329 569
329 732
329 582
329 560
330 743
330 871
330 971
331 529
331 623
331 501
331 491
332 335
332 369
332 600
332 737
332 933
332 597
333 334
333 628
333 510
333 969
334 504
334 878
334 626
335 336
335 620
335 392
335 544
336 450
336 413
337 340
337 685
338 339
338 340
338 341
338 995
338 540
338 503
339 340
339 928
339 770
340 779
340 711
340 912
341 951
341 418
341 687
341 517
341 826
342 345
342 419
342 764
342 612
343 346
343 793
343 367
343 691
343 824
343 840
344 347
344 604
344 631
344 943
344 533
344 985
345 502
345 494
345 543
345 527
346 875
346 450
346 733
346 977
346 549
347 483
347 469
347 494
347 854
348 387
348 550
348 953
349 350
349 352
349 715
350 351
350 667
350 493
350 958
351 354
351 824
351 540
351 876
352 353
352 355
352 705
352 823
352 904
353 355
353 456
353 981
353 485
353 564
354 356
354 357
355 870
355 781
356 359
356 849
356 582
356 779
356 943
356 914
357 358
357 554
357 804
357 660
357 369
357 377
358 871
358 779
358 430
359 839
360 986
360 610
360 686
361 809
361 559
361 945
361 468
361 903
361 395
362 826
362 370
362 526
362 849
363 364
363 599
363 466
363 469
363 408
364 957
364 382
364 718
365 975
365 619
365 910
365 741
366 369
366 631
366 831
366 549
366 559
367 811
368 867
368 437
368 469
368 955
369 716
369 919
370 472
370 732
370 910
370 640
370 696
371 373
371 374
371 491
371 412
371 833
372 397
372 686
372 592
373 375
373 977
373 581
373 540
373 451
374 986
374 933
374 880
374 727
374 829
375 377
375 385
375 897
375 917
376 703
376 647
376 840
376 836
376 619
377 935
377 826
377 688
378 401
378 492
378 947
378 972
379 380
379 711
380 381
380 382
380 431
381 564
381 698
381 928
381 579
382 383
382 741
382 663
383 771
383 547
383 992
383 783
384 386
384 904
384 621
384 465
384 441
385 387
385 388
385 930
385 694
386 873
386 936
386 721
387 921
387 781
387 853
387 754
387 671
387 704
388 390
388 683
388 663
389 391
389 906
389 580
390 393
390 502
390 949
391 393
391 842
391 754
391 819
391 635
391 946
392 713
392 516
392 871
392 600
393 817
393 409
393 981
394 397
394 955
394 617
395 817
395 828
395 902
395 813
395 518
395 708
396 397
396 398
396 399
396 979
396 820
397 399
397 430
398 400
398 401
398 558
399 612
399 650
400 401
400 402
400 420
401 402
401 700
401 444
402 405
402 875
402 445
403 556
403 771
403 545
403 851
403 407
404 699
404 856
405 408
405 729
405 815
406 408
406 984
406 501
406 917
406 975
407 408
407 459
408 874
408 503
408 887
409 586
409 626
409 814
409 766
409 961
409 453
410 411
410 412
410 488
410 741
411 465
411 703
411 990
411 751
411 461
412 620
413 415
413 653
413 446
414 416
414 899
415 416
415 418
415 707
415 625
415 472
416 427
416 468
416 625
416 900
416 667
416 924
417 418
417 937
418 421
418 623
419 420
419 513
419 821
419 875
420 423
420 890
420 834
420 497
420 997
420 842
421 828
421 695
421 504
421 760
422 424
422 905
423 955
423 872
424 474
424 799
424 710
424 876
424 809
424 687
425 979
425 621
425 526
425 866
426 843
426 651
426 505
427 428
427 924
428 429
428 431
428 675
428 461
428 657
429 798
429 670
429 849
429 916
429 782
430 432
430 738
430 725
431 432
431 943
432 849
432 728
432 538
433 567
433 991
433 793
434 436
434 437
434 477
434 828
435 436
435 820
435 655
435 933
436 487
436 583
436 630
436 977
437 439
437 600
437 471
437 569
437 779
438 886
438 518
438 490
438 525
439 663
439 666
439 967
439 653
439 681
439 634
440 442
440 443
440 528
441 485
441 502
441 671
441 544
442 445
442 898
442 514
443 771
443 481
443 857
443 698
443 800
444 446
444 994
444 727
444 817
444 984
444 827
445 446
445 643
445 570
446 448
446 950
447 744
447 888
448 902
448 874
449 836
449 812
450 901
451 453
451 858
451 921
451 748
452 736
452 702
452 511
453 970
453 800
453 893
453 755
454 963
454 585
454 646
455 893
455 534
455 998
455 532
456 457
456 459
457 459
457 460
457 696
457 717
458 461
458 944
458 866
459 760
459 542
459 544
460 848
460 883
460 607
460 471
461 586
461 635
461 752
462 735
462 532
462 508
462 604
463 464
463 518
463 487
463 515
463 543
463 884
464 542
464 984
465 822
465 617
466 939
466 772
466 536
467 469
467 660
467 793
468 957
468 878
469 707
470 471
470 472
470 487
470 525
470 969
471 797
471 668
472 551
472 952
472 686
472 558
473 476
473 739
473 527
473 709
473 864
473 504
473 959
474 476
474 477
474 567
474 549
474 734
475 535
475 640
475 942
476 661
476 785
476 999
476 974
477 645
477 533
478 908
478 522
478 598
478 894
478 847
478 923
479 481
479 705
479 483
479 794
479 991
480 695
480 944
481 483
481 868
481 735
481 510
482 932
483 932
484 486
484 800
484 501
485 578
485 783
486 487
486 977
486 635
486 812
486 575
488 804
488 788
488 973
488 698
489 492
489 757
489 490
489 668
489 825
490 491
490 550
490 733
491 492
491 654
492 854
493 496
493 693
493 970
494 721
494 957
494 787
495 584
495 609
495 680
495 762
495 589
496 498
496 974
496 734
496 961
496 778
497 498
497 499
497 500
498 499
498 792
498 972
498 680
499 502
499 710
499 884
499 527
500 501
500 516
500 865
500 510
501 846
502 620
502 707
502 838
503 748
504 652
506 602
506 965
506 835
506 707
507 802
507 652
508 509
508 636
509 511
510 838
511 514
511 654
511 562
512 514
512 606
512 638
512 800
513 799
514 517
514 763
515 832
515 812
516 797
516 566
517 944
517 979
518 702
518 669
519 855
519 565
520 957
521 643
521 739
522 524
522 947
522 601
522 969
522 684
523 903
524 527
524 963
524 761
524 552
525 958
525 728
525 927
526 605
526 571
527 964
527 551
527 905
528 853
528 636
528 866
529 531
529 757
529 782
530 532
530 533
530 546
531 650
531 599
532 786
533 536
533 847
534 537
535 538
535 925
535 964
535 948
536 764
536 761
537 538
537 539
537 957
538 541
538 812
538 584
538 795
539 885
539 570
541 542
541 742
541 903
542 716
542 741
542 573
543 966
543 958
544 971
544 965
545 546
545 758
546 551
547 609
547 943
547 887
548 550
548 991
548 963
549 729
549 709
549 757
549 920
550 999
550 681
551 552
551 901
551 691
551 785
552 555
553 833
553 933
554 722
554 888
554 865
555 556
555 557
555 630
555 690
556 557
557 816
557 897
557 559
557 681
558 560
558 608
558 919
560 651
560 765
560 891
561 667
561 746
562 579
562 599
562 789
563 564
563 902
565 807
565 972
565 689
565 929
565 922
566 569
566 946
566 720
566 990
567 574
568 651
568 726
568 884
568 837
568 804
569 699
570 571
570 572
570 702
571 590
572 880
573 574
573 692
573 771
573 864
574 576
574 577
574 728
574 731
574 607
575 616
576 578
576 790
576 637
577 994
577 679
577 587
578 615
579 856
579 598
580 581
580 582
581 583
581 914
582 798
583 782
583 948
584 585
584 830
584 858
584 722
585 586
585 588
585 758
585 848
586 589
587 984
587 667
587 606
587 704
587 768
587 900
588 590
588 983
589 590
589 823
590 591
590 592
590 615
590 891
590 994
591 592
591 863
591 596
591 747
591 735
592 594
592 997
593 595
593 655
594 596
594 597
594 771
594 745
594 806
594 855
595 596
595 598
595 947
595 994
595 940
595 874
596 597
596 599
597 629
600 927
601 603
601 812
601 849
601 836
602 603
602 634
602 839
602 846
603 928
604 882
604 674
604 871
604 780
605 625
605 669
605 632
606 608
606 634
606 943
607 704
608 609
608 610
608 848
608 890
608 725
609 612
609 949
611 874
611 774
612 615
612 780
613 614
613 616
613 944
613 663
614 615
614 616
615 996
616 617
616 648
617 750
618 620
618 933
619 620
619 772
620 622
620 651
620 960
620 797
620 969
622 696
623 984
623 972
624 625
624 815
624 630
625 628
625 913
626 629
626 650
627 628
627 916
627 802
628 827
628 633
628 859
628 754
629 632
629 751
629 907
629 725
630 703
630 975
630 715
631 762
631 982
631 839
631 968
632 633
632 635
632 669
633 635
633 636
634 984
634 799
635 636
635 638
636 892
636 813
637 640
637 995
637 915
637 975
639 698
639 956
639 938
639 961
640 908
641 643
641 826
641 870
641 961
641 954
642 699
642 931
643 644
643 682
643 727
643 732
644 646
644 868
644 993
645 646
646 647
646 648
646 908
647 650
647 899
648 863
648 673
649 662
649 897
649 796
650 653
651 898
652 653
652 880
652 906
653 889
654 801
654 926
655 727
655 755
655 918
655 798
656 898
656 692
657 877
657 961
658 660
658 926
659 662
659 669
660 661
660 663
661 853
661 781
662 742
662 867
662 670
664 667
664 673
665 666
666 856
666 919
667 669
667 976
668 920
668 927
668 699
669 921
669 676
671 673
671 877
671 772
672 838
672 744
673 674
673 676
673 807
674 675
674 677
675 678
675 703
676 677
676 879
677 946
677 998
677 749
678 680
678 681
678 792
679 682
679 885
680 682
680 734
682 683
682 872
682 796
683 684
683 686
683 796
684 837
684 915
685 746
685 750
685 822
686 940
687 929
688 881
688 754
689 691
689 692
689 967
690 786
690 953
691 692
691 703
692 694
692 695
693 694
693 977
693 750
693 954
694 848
696 729
697 955
698 893
699 701
699 762
699 778
700 735
700 849
700 986
701 702
701 703
701 897
701 955
702 841
703 938
704 976
704 919
705 730
705 783
705 964
706 929
706 800
706 952
707 854
708 710
708 829
710 713
712 941
713 715
713 758
713 828
714 716
714 988
714 970
715 737
716 717
717 803
718 721
718 800
718 813
718 991
719 723
719 945
719 977
719 810
719 817
720 723
722 723
724 725
724 991
724 863
725 726
725 982
726 971
726 822
729 731
730 732
730 951
730 804
731 793
732 734
732 765
733 735
733 993
734 793
735 738
736 739
736 911
737 740
737 804
739 916
739 783
740 742
740 743
740 962
740 850
740 966
740 983
741 844
742 963
743 745
743 919
743 803
743 944
744 772
744 791
745 992
746 748
747 748
747 986
748 871
750 870
751 798
751 759
751 796
752 825
752 765
753 756
753 899
753 892
753 815
753 875
754 755
754 757
756 758
756 759
757 758
758 760
758 808
759 919
759 772
760 940
761 764
762 986
763 766
765 986
765 951
765 847
766 767
766 805
766 942
767 997
767 797
768 776
769 770
769 772
769 788
770 772
770 862
771 784
772 890
773 774
773 775
773 823
774 775
774 973
774 831
774 845
775 776
775 778
775 871
776 778
776 784
776 909
777 857
777 823
778 929
778 982
778 910
780 781
780 792
780 882
781 782
781 901
783 784
784 935
785 786
786 787
787 790
787 814
789 790
789 791
789 792
789 883
790 792
790 819
791 792
791 900
792 977
794 896
794 827
794 956
795 915
795 953
797 882
798 800
798 801
799 801
799 876
801 928
801 820
801 931
801 838
802 961
802 867
803 848
805 807
806 809
806 817
807 863
808 921
808 822
808 825
810 893
810 856
810 847
811 812
811 813
811 814
812 866
812 874
813 887
813 909
814 816
814 817
815 816
816 819
818 821
818 851
819 899
819 907
821 835
822 985
823 826
824 872
825 968
825 839
826 828
827 828
827 921
828 831
828 891
828 913
829 830
829 863
829 903
831 855
831 907
833 834
834 857
834 931
837 937
839 841
840 881
840 985
841 844
841 875
841 938
842 843
842 957
843 897
843 915
844 899
844 923
844 971
844 973
845 846
846 847
847 848
847 869
847 976
848 851
850 853
851 853
851 854
851 877
852 854
852 959
853 856
855 858
856 859
857 858
857 871
858 859
858 969
859 861
860 863
860 898
861 862
861 874
863 931
864 865
864 954
865 866
865 867
865 918
866 901
867 868
868 871
869 870
869 871
869 911
870 902
870 898
872 915
873 876
875 913
877 880
877 894
879 880
879 976
879 899
881 884
881 975
881 892
882 883
883 886
886 888
886 968
887 889
887 890
887 967
888 891
888 901
889 891
892 943
893 894
893 895
894 895
894 995
896 898
896 899
896 962
898 899
899 900
901 912
902 904
904 905
904 907
905 906
905 907
906 909
908 913
909 912
910 911
910 913
911 987
916 959
917 957
917 944
918 919
919 994
920 922
921 922
921 924
923 924
924 925
925 926
925 927
925 998
926 927
926 991
927 937
928 929
930 944
932 934
932 975
934 935
935 937
935 987
936 938
936 939
937 938
939 940
939 942
939 987
940 941
940 970
941 942
941 943
942 943
942 944
943 946
945 976
948 949
948 951
949 950
950 952
950 953
951 954
952 955
953 955
958 961
959 979
960 993
962 965
966 968
967 969
967 989
971 973
972 974
973 974
974 976
974 977
975 997
977 999
978 980
979 980
980 981
980 983
981 983
982 984
984 987
984 998
988 990
989 992
991 998
992 993
993 996
994 996
996 998
996 999
998 999
