0 1
0 2
0 3
0 4
0 5
0 6
0 7
0 9
0 10
0 11
0 14
0 20
0 24
0 28
0 31
0 34
0 46
0 49
0 56
0 59
0 61
0 66
0 68
0 73
0 79
0 84
0 90
0 109
0 111
0 112
0 127
0 136
0 137
0 140
0 146
0 153
0 156
0 169
0 171
0 173
0 174
0 177
0 179
0 180
0 206
0 225
0 229
0 231
0 238
0 243
0 246
0 254
0 277
0 283
0 342
0 366
0 397
0 410
0 411
0 443
0 457
0 462
0 466
0 472
0 497
0 500
0 509
0 519
0 522
0 525
0 580
0 582
0 586
0 623
0 643
0 695
0 711
0 801
0 818
0 819
0 823
0 845
0 859
0 891
0 910
0 930
0 965
0 1009
0 1028
0 1106
0 1122
0 1149
0 1153
0 1191
0 1235
0 1237
0 1267
0 1311
0 1324
0 1329
0 1332
0 1488
0 1644
0 1664
0 1677
0 1695
0 1746
0 1747
0 1771
0 1784
0 1807
0 1840
0 1869
0 1870
0 1876
0 1892
0 1906
0 1911
0 1946
0 1953
0 1967
0 1983
1 5
1 6
1 9
1 11
1 23
1 26
1 29
1 33
1 42
1 48
1 53
1 65
1 79
1 84
1 93
1 100
1 105
1 125
1 134
1 152
1 160
1 162
1 188
1 199
1 204
1 227
1 266
1 282
1 306
1 318
1 325
1 332
1 377
1 382
1 399
1 402
1 412
1 419
1 428
1 458
1 471
1 482
1 485
1 505
1 598
1 632
1 707
1 728
1 755
1 770
1 776
1 862
1 1023
1 1038
1 1059
1 1086
1 1113
1 1143
1 1154
1 1180
1 1280
1 1343
1 1369
1 1381
1 1608
1 1629
1 1688
1 1741
1 1776
1 1802
1 1817
1 1859
1 1894
1 1929
1 1953
2 5
2 6
2 8
2 10
2 11
2 13
2 15
2 17
2 20
2 21
2 26
2 29
2 33
2 38
2 41
2 50
2 67
2 68
2 73
2 90
2 114
2 115
2 118
2 125
2 129
2 148
2 150
2 187
2 190
2 191
2 207
2 210
2 217
2 218
2 225
2 229
2 231
2 232
2 249
2 252
2 269
2 290
2 295
2 303
2 304
2 338
2 347
2 367
2 373
2 384
2 408
2 418
2 420
2 434
2 466
2 487
2 497
2 522
2 527
2 543
2 629
2 680
2 759
2 838
2 862
2 868
2 871
2 969
2 973
2 1105
2 1134
2 1197
2 1234
2 1280
2 1284
2 1344
2 1353
2 1423
2 1464
2 1476
2 1503
2 1539
2 1553
2 1577
2 1706
2 1741
2 1815
2 1836
2 1885
2 1951
2 1956
3 5
3 7
3 8
3 12
3 13
3 14
3 16
3 23
3 25
3 39
3 42
3 47
3 48
3 54
3 76
3 80
3 156
3 171
3 175
3 178
3 184
3 200
3 310
3 317
3 326
3 335
3 352
3 353
3 386
3 404
3 432
3 458
3 506
3 508
3 538
3 544
3 579
3 580
3 589
3 597
3 617
3 622
3 656
3 726
3 738
3 790
3 792
3 858
3 898
3 971
3 986
3 992
3 1006
3 1082
3 1106
3 1174
3 1285
3 1294
3 1331
3 1339
3 1369
3 1475
3 1554
3 1565
3 1606
3 1612
3 1684
3 1690
3 1857
3 1973
4 7
4 14
4 27
4 52
4 61
4 247
4 253
4 395
4 551
4 659
4 816
4 994
4 1050
4 1366
4 1510
4 1902
5 6
5 8
5 10
5 12
5 15
5 17
5 18
5 19
5 21
5 22
5 24
5 28
5 44
5 52
5 63
5 68
5 87
5 98
5 101
5 102
5 121
5 130
5 131
5 144
5 151
5 159
5 173
5 189
5 203
5 210
5 215
5 216
5 219
5 245
5 280
5 298
5 302
5 306
5 320
5 334
5 338
5 371
5 470
5 479
5 482
5 493
5 494
5 495
5 513
5 515
5 545
5 569
5 578
5 606
5 618
5 620
5 641
5 656
5 721
5 732
5 735
5 761
5 770
5 791
5 798
5 824
5 827
5 860
5 905
5 941
5 948
5 949
5 976
5 987
5 993
5 1033
5 1056
5 1073
5 1118
5 1146
5 1152
5 1172
5 1201
5 1225
5 1235
5 1253
5 1282
5 1283
5 1296
5 1339
5 1349
5 1493
5 1571
5 1604
5 1614
5 1658
5 1669
5 1703
5 1750
5 1810
5 1858
5 1901
5 1910
5 1913
5 1924
5 1936
5 1968
6 7
6 9
6 17
6 20
6 24
6 35
6 37
6 39
6 46
6 48
6 51
6 53
6 64
6 72
6 73
6 75
6 78
6 81
6 103
6 120
6 130
6 134
6 193
6 199
6 229
6 230
6 235
6 275
6 287
6 288
6 293
6 310
6 325
6 335
6 341
6 418
6 445
6 497
6 503
6 528
6 609
6 665
6 666
6 774
6 817
6 841
6 847
6 859
6 929
6 994
6 1015
6 1023
6 1081
6 1141
6 1204
6 1278
6 1287
6 1313
6 1467
6 1558
6 1594
6 1768
6 1786
6 1866
6 1924
6 1963
7 8
7 9
7 15
7 19
7 27
7 28
7 30
7 32
7 40
7 41
7 43
7 49
7 54
7 66
7 82
7 86
7 92
7 97
7 102
7 104
7 119
7 120
7 123
7 143
7 144
7 147
7 156
7 166
7 167
7 176
7 179
7 183
7 187
7 191
7 228
7 242
7 245
7 255
7 257
7 269
7 275
7 300
7 311
7 321
7 327
7 374
7 386
7 396
7 419
7 454
7 480
7 543
7 556
7 558
7 560
7 623
7 635
7 637
7 672
7 684
7 688
7 703
7 747
7 751
7 772
7 773
7 817
7 821
7 836
7 860
7 877
7 948
7 997
7 1006
7 1039
7 1072
7 1092
7 1096
7 1098
7 1151
7 1175
7 1230
7 1248
7 1277
7 1291
7 1298
7 1393
7 1425
7 1470
7 1513
7 1544
7 1562
7 1589
7 1615
7 1630
7 1647
7 1679
7 1683
7 1749
7 1796
7 1822
7 1843
7 1855
7 1893
7 1935
7 1991
8 18
8 23
8 25
8 26
8 37
8 39
8 43
8 49
8 53
8 64
8 113
8 122
8 137
8 145
8 198
8 212
8 222
8 276
8 280
8 355
8 360
8 377
8 381
8 402
8 411
8 432
8 474
8 537
8 540
8 613
8 614
8 635
8 636
8 667
8 677
8 698
8 827
8 870
8 942
8 1016
8 1121
8 1128
8 1159
8 1161
8 1283
8 1361
8 1364
8 1509
8 1595
8 1754
8 1790
8 1853
8 1895
8 1964
8 1986
9 10
9 11
9 12
9 13
9 22
9 33
9 45
9 52
9 56
9 57
9 65
9 67
9 75
9 91
9 133
9 142
9 147
9 164
9 170
9 172
9 203
9 231
9 262
9 367
9 372
9 389
9 421
9 502
9 503
9 516
9 554
9 593
9 597
9 603
9 625
9 646
9 658
9 666
9 687
9 692
9 705
9 717
9 829
9 836
9 859
9 893
9 911
9 924
9 941
9 980
9 1019
9 1045
9 1122
9 1131
9 1132
9 1196
9 1228
9 1253
9 1372
9 1388
9 1424
9 1461
9 1507
9 1534
9 1580
9 1620
9 1803
9 1830
9 1871
9 1929
9 1957
9 1963
10 14
10 17
10 18
10 19
10 20
10 26
10 29
10 30
10 32
10 36
10 55
10 67
10 70
10 75
10 77
10 85
10 88
10 92
10 98
10 125
10 133
10 137
10 190
10 197
10 219
10 220
10 230
10 234
10 240
10 249
10 291
10 300
10 312
10 327
10 392
10 414
10 415
10 431
10 441
10 455
10 476
10 478
10 512
10 546
10 548
10 569
10 576
10 620
10 638
10 645
10 646
10 652
10 714
10 715
10 802
10 806
10 863
10 875
10 891
10 894
10 904
10 905
10 908
10 910
10 913
10 952
10 976
10 1011
10 1024
10 1026
10 1047
10 1061
10 1146
10 1159
10 1160
10 1181
10 1197
10 1219
10 1222
10 1238
10 1271
10 1275
10 1332
10 1356
10 1367
10 1431
10 1449
10 1452
10 1486
10 1493
10 1548
10 1597
10 1617
10 1647
10 1667
10 1785
10 1816
10 1844
10 1915
10 1916
10 1972
10 1974
11 12
11 13
11 16
11 27
11 43
11 45
11 86
11 111
11 132
11 243
11 307
11 335
11 336
11 476
11 524
11 560
11 718
11 764
11 851
11 880
11 945
11 1021
11 1029
11 1032
11 1134
11 1163
11 1437
11 1530
11 1607
11 1858
12 15
12 19
12 21
12 25
12 27
12 29
12 45
12 51
12 58
12 60
12 65
12 89
12 94
12 100
12 104
12 116
12 130
12 133
12 149
12 168
12 169
12 180
12 182
12 197
12 198
12 213
12 218
12 238
12 281
12 299
12 303
12 318
12 323
12 333
12 365
12 393
12 401
12 404
12 456
12 460
12 483
12 487
12 491
12 543
12 546
12 583
12 589
12 597
12 613
12 619
12 643
12 680
12 697
12 748
12 875
12 903
12 909
12 910
12 939
12 962
12 981
12 1056
12 1057
12 1110
12 1154
12 1157
12 1185
12 1202
12 1244
12 1250
12 1254
12 1329
12 1352
12 1460
12 1480
12 1547
12 1575
12 1610
12 1615
12 1619
12 1675
12 1722
12 1749
12 1802
12 1842
12 1922
12 1937
13 40
13 58
13 60
13 84
13 186
13 266
13 271
13 289
13 362
13 374
13 835
13 1432
13 1754
13 1997
14 16
14 21
14 25
14 34
14 41
14 54
14 57
14 66
14 91
14 102
14 117
14 119
14 128
14 142
14 184
14 211
14 245
14 253
14 286
14 314
14 315
14 321
14 328
14 361
14 383
14 400
14 448
14 458
14 488
14 510
14 514
14 549
14 566
14 589
14 600
14 624
14 632
14 671
14 696
14 717
14 720
14 774
14 800
14 854
14 857
14 887
14 900
14 903
14 931
14 949
14 1027
14 1115
14 1119
14 1135
14 1153
14 1168
14 1193
14 1203
14 1216
14 1223
14 1280
14 1407
14 1434
14 1445
14 1474
14 1514
14 1566
14 1596
14 1658
14 1704
14 1739
14 1777
14 1790
14 1818
14 1823
14 1853
14 1867
15 16
15 36
15 107
15 148
15 169
15 206
15 240
15 312
15 344
15 368
15 378
15 534
15 611
15 636
15 642
15 646
15 663
15 865
15 906
15 917
15 952
15 965
15 981
15 1013
15 1056
15 1080
15 1110
15 1255
15 1284
15 1334
15 1338
15 1522
15 1626
15 1660
15 1699
15 1700
15 1764
15 1770
15 1903
16 18
16 22
16 23
16 24
16 30
16 37
16 40
16 90
16 104
16 112
16 113
16 114
16 121
16 162
16 195
16 204
16 221
16 249
16 270
16 277
16 297
16 309
16 348
16 390
16 422
16 440
16 481
16 490
16 535
16 560
16 651
16 661
16 698
16 701
16 707
16 807
16 834
16 852
16 855
16 880
16 991
16 1012
16 1123
16 1261
16 1340
16 1342
16 1361
16 1372
16 1539
16 1611
16 1695
16 1712
16 1895
16 1951
16 1959
17 28
17 31
17 32
17 33
17 57
17 60
17 66
17 81
17 83
17 94
17 129
17 135
17 213
17 253
17 259
17 283
17 305
17 321
17 399
17 426
17 435
17 442
17 461
17 478
17 607
17 668
17 689
17 704
17 711
17 713
17 743
17 757
17 761
17 806
17 848
17 961
17 974
17 977
17 985
17 1065
17 1200
17 1202
17 1265
17 1281
17 1300
17 1330
17 1351
17 1364
17 1416
17 1450
17 1458
17 1488
17 1616
17 1752
17 1813
17 1894
17 1899
17 1916
17 1917
18 50
18 59
18 63
18 78
18 96
18 129
18 149
18 158
18 164
18 169
18 188
18 199
18 201
18 259
18 294
18 346
18 387
18 554
18 582
18 733
18 741
18 747
18 808
18 813
18 908
18 1025
18 1062
18 1371
18 1579
18 1616
18 1624
18 1724
18 1930
18 1952
18 1960
18 1970
19 35
19 42
19 60
19 69
19 109
19 110
19 120
19 132
19 149
19 168
19 175
19 202
19 248
19 260
19 306
19 334
19 343
19 371
19 398
19 405
19 469
19 498
19 507
19 511
19 572
19 630
19 711
19 733
19 764
19 787
19 794
19 815
19 881
19 955
19 1179
19 1235
19 1246
19 1330
19 1358
19 1403
19 1434
19 1446
19 1532
19 1564
19 1625
19 1864
19 1897
19 1980
19 1984
20 31
20 46
20 77
20 82
20 87
20 116
20 131
20 136
20 234
20 251
20 258
20 319
20 347
20 417
20 431
20 439
20 450
20 510
20 533
20 629
20 668
20 671
20 736
20 791
20 817
20 836
20 935
20 979
20 1081
20 1116
20 1163
20 1365
20 1436
20 1464
20 1511
20 1601
20 1644
20 1694
21 22
21 34
21 47
21 50
21 55
21 61
21 69
21 71
21 85
21 120
21 125
21 165
21 168
21 192
21 231
21 250
21 283
21 292
21 329
21 343
21 354
21 397
21 410
21 413
21 416
21 437
21 477
21 478
21 536
21 563
21 635
21 647
21 649
21 718
21 784
21 872
21 938
21 1005
21 1142
21 1188
21 1278
21 1292
21 1297
21 1335
21 1409
21 1490
21 1525
21 1563
21 1584
21 1613
21 1620
21 1653
21 1681
21 1823
21 1831
21 1861
21 1876
21 1888
21 1974
22 35
22 38
22 46
22 53
22 63
22 113
22 124
22 170
22 202
22 244
22 252
22 262
22 366
22 542
22 553
22 622
22 674
22 849
22 1073
22 1085
22 1099
22 1169
22 1217
22 1474
22 1522
22 1694
22 1717
22 1761
22 1802
22 1805
22 1820
22 1825
22 1874
23 78
23 124
23 221
23 223
23 224
23 319
23 465
23 505
23 559
23 573
23 1030
23 1089
23 1118
23 1900
24 44
24 52
24 74
24 83
24 107
24 132
24 141
24 143
24 182
24 311
24 322
24 356
24 422
24 466
24 564
24 586
24 741
24 1007
24 1070
24 1107
24 1137
24 1312
24 1360
24 1390
24 1392
24 1452
24 1518
24 1532
24 1581
24 1649
24 1711
24 1779
24 1799
24 1861
24 1996
25 127
25 151
25 160
25 163
25 268
25 271
25 664
25 790
25 1133
25 1368
25 1740
26 30
26 86
26 91
26 99
26 126
26 132
26 285
26 301
26 446
26 479
26 518
26 545
26 588
26 607
26 712
26 853
26 1069
26 1147
26 1192
26 1264
26 1397
26 1432
26 1729
26 1754
26 1860
26 1904
26 1908
26 1933
26 1987
27 251
27 334
27 530
27 667
27 1588
28 32
28 34
28 45
28 105
28 110
28 208
28 294
28 341
28 359
28 378
28 389
28 594
28 630
28 676
28 858
28 1064
28 1207
28 1265
28 1408
28 1440
28 1522
28 1530
28 1734
28 1784
28 1847
28 1848
28 1915
29 31
29 42
29 64
29 72
29 74
29 109
29 138
29 141
29 158
29 162
29 171
29 177
29 190
29 235
29 264
29 266
29 272
29 273
29 293
29 475
29 533
29 538
29 568
29 678
29 726
29 788
29 837
29 889
29 1001
29 1102
29 1116
29 1117
29 1255
29 1307
29 1347
29 1377
29 1396
29 1516
29 1555
29 1639
29 1654
29 1660
29 1688
29 1784
29 1814
29 1911
30 36
30 39
30 50
30 56
30 64
30 79
30 96
30 97
30 100
30 107
30 111
30 112
30 180
30 193
30 211
30 220
30 227
30 243
30 281
30 308
30 360
30 386
30 416
30 425
30 436
30 465
30 508
30 528
30 539
30 545
30 579
30 646
30 673
30 708
30 742
30 767
30 823
30 909
30 935
30 946
30 1064
30 1169
30 1236
30 1295
30 1325
30 1402
30 1414
30 1445
30 1447
30 1473
30 1531
30 1613
30 1710
30 1820
30 1851
30 1861
30 1920
30 1938
30 1961
31 44
31 48
31 70
31 101
31 103
31 139
31 143
31 216
31 255
31 273
31 292
31 313
31 324
31 346
31 364
31 388
31 409
31 534
31 572
31 624
31 732
31 744
31 871
31 882
31 889
31 917
31 932
31 1009
31 1088
31 1121
31 1125
31 1178
31 1195
31 1245
31 1380
31 1527
31 1544
31 1668
31 1814
32 36
32 49
32 63
32 83
32 85
32 89
32 92
32 95
32 99
32 116
32 146
32 159
32 185
32 189
32 267
32 293
32 302
32 332
32 362
32 368
32 376
32 387
32 423
32 518
32 541
32 558
32 571
32 587
32 681
32 697
32 721
32 736
32 769
32 782
32 785
32 839
32 869
32 897
32 943
32 1003
32 1008
32 1022
32 1037
32 1048
32 1148
32 1177
32 1182
32 1185
32 1199
32 1260
32 1280
32 1297
32 1302
32 1326
32 1337
32 1404
32 1423
32 1502
32 1508
32 1599
32 1659
32 1717
32 1726
32 1823
32 1867
32 1918
32 1958
32 1971
32 1995
33 35
33 37
33 80
33 137
33 163
33 183
33 208
33 219
33 238
33 267
33 271
33 285
33 287
33 413
33 867
33 987
33 1152
33 1196
33 1257
33 1260
33 1336
33 1369
33 1516
33 1638
33 1711
33 1738
33 1773
33 1804
33 1874
34 38
34 108
34 112
34 121
34 135
34 157
34 166
34 221
34 242
34 296
34 303
34 305
34 314
34 316
34 371
34 376
34 384
34 495
34 636
34 712
34 714
34 751
34 838
34 868
34 980
34 1125
34 1153
34 1256
34 1283
34 1393
34 1407
34 1441
34 1503
34 1622
34 1648
34 1760
34 1893
34 1972
34 1975
35 38
35 88
35 98
35 115
35 200
35 310
35 340
35 352
35 387
35 452
35 481
35 591
35 770
35 798
35 822
35 840
35 895
35 1093
35 1164
35 1244
35 1268
35 1392
35 1427
35 1524
35 1600
36 40
36 41
36 59
36 70
36 76
36 79
36 80
36 82
36 87
36 114
36 118
36 135
36 163
36 205
36 239
36 257
36 260
36 268
36 278
36 315
36 381
36 421
36 424
36 430
36 444
36 465
36 468
36 470
36 490
36 493
36 494
36 509
36 582
36 621
36 628
36 630
36 654
36 673
36 716
36 744
36 765
36 769
36 772
36 781
36 813
36 1020
36 1026
36 1076
36 1089
36 1192
36 1229
36 1278
36 1300
36 1503
36 1555
36 1578
36 1608
36 1612
36 1645
36 1652
36 1817
36 1842
36 1892
36 1928
36 1932
36 1988
37 44
37 54
37 61
37 62
37 71
37 76
37 108
37 118
37 122
37 155
37 182
37 184
37 209
37 233
37 324
37 341
37 379
37 402
37 409
37 414
37 422
37 459
37 561
37 627
37 665
37 675
37 683
37 686
37 694
37 786
37 796
37 799
37 809
37 831
37 832
37 859
37 970
37 995
37 1065
37 1090
37 1119
37 1172
37 1178
37 1187
37 1221
37 1374
37 1408
37 1567
37 1584
37 1622
37 1636
37 1708
37 1744
37 1802
37 1836
37 1933
38 55
38 57
38 68
38 140
38 151
38 179
38 229
38 276
38 288
38 500
38 501
38 577
38 795
38 875
38 880
38 892
38 902
38 918
38 1132
38 1348
38 1428
38 1587
38 1732
38 1828
38 1878
38 1930
38 1939
39 72
39 89
39 92
39 94
39 126
39 224
39 226
39 243
39 322
39 327
39 353
39 365
39 403
39 425
39 452
39 496
39 520
39 554
39 562
39 619
39 705
39 756
39 804
39 821
39 891
39 969
39 1064
39 1081
39 1101
39 1213
39 1374
39 1469
39 1534
39 1569
39 1753
39 1803
39 1981
39 1989
40 55
40 84
40 91
40 99
40 138
40 187
40 196
40 239
40 245
40 286
40 295
40 309
40 382
40 421
40 433
40 459
40 492
40 496
40 519
40 539
40 616
40 640
40 693
40 739
40 787
40 1026
40 1036
40 1051
40 1088
40 1203
40 1415
40 1479
40 1536
40 1538
40 1556
40 1605
40 1633
40 1780
40 1902
40 1995
41 43
41 122
41 156
41 158
41 194
41 251
41 301
41 391
41 424
41 488
41 571
41 688
41 717
41 731
41 762
41 1022
41 1155
41 1189
41 1233
41 1376
41 1381
41 1389
41 1399
41 1427
41 1595
41 1771
41 1775
41 1854
42 47
42 62
42 69
42 154
42 185
42 234
42 290
42 326
42 487
42 492
42 679
42 752
42 1083
42 1098
42 1144
42 1158
42 1401
42 1526
42 1571
42 1667
42 1705
42 1743
43 74
43 78
43 83
43 119
43 129
43 164
43 204
43 218
43 220
43 234
43 274
43 284
43 349
43 350
43 361
43 392
43 399
43 524
43 551
43 618
43 619
43 650
43 699
43 747
43 900
43 1038
43 1054
43 1192
43 1218
43 1308
43 1654
43 1870
43 1904
43 1993
44 47
44 51
44 134
44 155
44 182
44 240
44 421
44 475
44 628
44 650
44 727
44 745
44 921
44 963
44 993
44 1062
44 1816
45 58
45 59
45 77
45 93
45 106
45 185
45 207
45 244
45 282
45 293
45 296
45 298
45 337
45 339
45 351
45 438
45 467
45 506
45 652
45 771
45 886
45 1004
45 1212
45 1217
45 1219
45 1227
45 1399
45 1424
45 1428
45 1450
45 1520
45 1532
45 1580
45 1598
45 1689
45 1727
45 1983
46 51
46 65
46 69
46 71
46 73
46 75
46 88
46 95
46 106
46 157
46 197
46 202
46 203
46 278
46 313
46 340
46 393
46 423
46 456
46 553
46 593
46 609
46 672
46 790
46 826
46 901
46 964
46 979
46 1052
46 1058
46 1070
46 1103
46 1171
46 1505
46 1650
46 1856
47 58
47 62
47 72
47 142
47 213
47 220
47 307
47 328
47 355
47 372
47 428
47 494
47 525
47 746
47 753
47 771
47 861
47 926
47 960
47 995
47 1096
47 1209
47 1414
47 1515
47 1533
47 1593
47 1627
47 1742
47 1875
48 271
48 705
48 1483
48 1498
48 1570
48 1633
48 1706
49 62
49 70
49 93
49 97
49 103
49 186
49 204
49 214
49 248
49 275
49 286
49 310
49 375
49 437
49 483
49 533
49 657
49 700
49 869
49 1162
49 1195
49 1215
49 1289
49 1349
49 1371
49 1391
49 1549
49 1726
49 1797
49 1843
49 1886
49 1965
49 1983
50 56
50 86
50 126
50 152
50 192
50 280
50 290
50 489
50 507
50 517
50 527
50 682
50 841
50 863
50 1082
50 1140
50 1150
50 1161
50 1176
50 1354
50 1386
50 1499
50 1508
50 1613
50 1715
50 1766
50 1903
50 1945
51 695
51 877
51 927
51 1367
51 1581
51 1909
52 98
52 124
52 145
52 270
52 446
52 453
52 557
52 605
52 702
52 764
52 869
52 1012
52 1123
52 1212
52 1465
52 1477
52 1608
52 1618
52 1736
52 1757
52 1882
52 1931
53 712
53 912
53 1103
53 1573
53 1583
53 1809
54 97
54 117
54 226
54 277
54 279
54 312
54 316
54 358
54 361
54 447
54 574
54 591
54 713
54 720
54 731
54 832
54 845
54 954
54 980
54 1013
54 1100
54 1155
54 1298
54 1310
54 1367
54 1423
54 1494
54 1500
54 1546
54 1954
55 116
55 147
55 175
55 241
55 252
55 311
55 360
55 429
55 451
55 641
55 746
55 831
55 1034
55 1065
55 1224
55 1373
55 1384
55 1436
55 1475
55 1630
56 102
56 153
56 260
56 289
56 311
56 354
56 464
56 818
56 825
56 840
56 1049
56 1304
56 1461
56 1849
57 141
57 142
57 181
57 385
57 433
57 654
57 700
57 929
57 1182
57 1403
57 1620
57 1665
57 1689
57 1786
58 77
58 93
58 95
58 117
58 148
58 189
58 198
58 211
58 261
58 301
58 329
58 440
58 444
58 516
58 563
58 599
58 612
58 723
58 807
58 834
58 888
58 972
58 1000
58 1110
58 1184
58 1232
58 1279
58 1298
58 1442
58 1462
58 1496
58 1793
58 1845
58 1978
59 121
59 128
59 172
59 181
59 222
59 225
59 324
59 499
59 530
59 631
59 706
59 734
59 871
59 938
59 960
59 1014
59 1140
59 1179
59 1228
59 1410
60 74
60 88
60 113
60 127
60 131
60 150
60 208
60 218
60 259
60 330
60 363
60 401
60 440
60 576
60 609
60 700
60 727
60 771
60 823
60 855
60 1044
60 1069
60 1238
60 1308
60 1354
60 1405
60 1547
60 1629
60 1651
60 1683
60 1709
60 1746
60 1798
60 1980
61 783
61 1190
61 1198
61 1486
62 71
62 81
62 105
62 135
62 162
62 174
62 267
62 274
62 291
62 357
62 464
62 789
62 1075
62 1294
62 1487
62 1652
62 1731
62 1898
62 1934
63 106
63 134
63 208
63 624
63 679
63 682
63 711
63 796
63 922
63 1053
63 1313
63 1552
63 1572
63 1949
64 67
64 76
64 82
64 183
64 194
64 200
64 207
64 247
64 253
64 274
64 300
64 333
64 501
64 514
64 521
64 547
64 580
64 590
64 643
64 663
64 672
64 677
64 706
64 921
64 947
64 954
64 1003
64 1030
64 1059
64 1088
64 1092
64 1109
64 1128
64 1133
64 1141
64 1251
64 1305
64 1322
64 1398
64 1463
64 1620
64 1690
64 1761
64 1805
64 1827
64 1832
64 1855
64 1858
64 1863
64 1900
65 80
65 85
65 270
65 354
65 828
65 970
65 996
65 1108
65 1609
65 1794
66 154
66 157
66 166
66 191
66 302
66 326
66 435
66 484
66 731
66 779
66 830
66 945
66 1021
66 1083
66 1370
66 1634
66 1891
66 1934
66 1991
67 96
67 106
67 123
67 161
67 212
67 294
67 347
67 351
67 364
67 431
67 438
67 488
67 512
67 570
67 597
67 651
67 701
67 702
67 857
67 986
67 1118
67 1186
67 1320
67 1492
67 1529
67 1683
67 1723
67 1803
67 1824
67 1890
67 1904
68 146
68 519
68 824
68 1490
69 81
69 89
69 94
69 136
69 246
69 248
69 308
69 383
69 384
69 403
69 414
69 441
69 549
69 818
69 940
69 1349
69 1366
70 138
70 367
70 502
70 535
70 598
70 605
70 738
70 752
70 978
70 1040
70 1221
71 90
71 101
71 128
71 291
71 441
71 481
71 703
71 732
71 788
71 1076
71 1150
71 1159
71 1214
71 1261
71 1345
71 1495
71 1745
71 1816
71 1840
72 153
72 199
72 300
72 301
72 442
72 462
72 530
72 544
72 633
72 715
72 950
72 1155
72 1200
72 1328
73 99
73 209
73 226
73 244
73 258
73 370
73 420
73 460
73 472
73 512
73 572
73 626
73 887
73 934
73 1235
73 1485
73 1487
73 1524
73 1549
73 1551
73 1663
73 1702
74 118
74 175
74 217
74 256
74 276
74 279
74 333
74 529
74 661
74 763
74 776
74 830
74 1032
74 1140
74 1176
74 1191
74 1232
74 1318
74 1517
74 1551
74 1883
74 1959
75 286
75 292
75 373
75 383
75 745
75 851
75 1301
75 1748
76 325
76 338
76 715
76 1665
77 110
77 145
77 188
77 288
77 415
77 483
77 489
77 523
77 531
77 812
77 876
77 1079
77 1102
77 1271
77 1303
77 1332
77 1335
77 1768
77 1773
77 1857
78 150
78 151
78 167
78 236
78 406
78 423
78 448
78 462
78 740
78 934
78 1086
78 1186
78 1291
78 1577
78 1628
78 1704
78 1990
79 198
79 322
79 391
79 577
79 730
79 1120
79 1273
80 104
80 173
80 181
80 194
80 236
80 268
80 320
80 408
80 412
80 428
80 524
80 598
80 777
80 907
80 1063
80 1240
80 1316
80 1517
80 1570
80 1588
80 1657
80 1676
80 1794
80 1838
80 1852
80 1870
81 119
81 170
81 289
81 299
81 356
81 463
81 538
81 545
81 677
81 736
81 873
81 916
81 1018
81 1029
81 1176
81 1182
81 1232
81 1359
81 1411
81 1621
81 1642
82 155
82 176
82 279
82 390
82 595
82 735
82 794
82 1761
83 273
83 614
83 1739
84 130
84 152
84 194
84 495
84 532
84 567
84 1004
84 1029
84 1087
84 1596
84 1698
84 1828
84 1959
84 1998
85 87
85 114
85 139
85 140
85 174
85 201
85 207
85 214
85 284
85 319
85 457
85 575
85 805
85 1060
85 1175
85 1184
85 1243
85 1253
85 1291
85 1428
85 1566
85 1744
85 1764
86 101
86 133
86 136
86 143
86 197
86 210
86 270
86 343
86 411
86 455
86 541
86 565
86 584
86 687
86 825
86 829
86 875
86 881
86 1091
86 1196
86 1218
86 1571
86 1608
86 1638
86 1907
86 1930
87 365
87 491
87 680
87 774
87 1233
87 1371
87 1662
88 1229
88 1767
89 108
89 153
89 196
89 254
89 440
89 914
90 96
90 117
90 147
90 174
90 184
90 223
90 230
90 294
90 398
90 470
90 516
90 519
90 665
90 737
90 754
90 763
90 873
90 1066
90 1072
90 1172
90 1197
90 1395
90 1546
90 1559
90 1789
90 1966
91 100
91 154
91 224
91 358
91 406
91 454
91 701
91 968
91 1001
91 1564
91 1600
91 1607
92 344
92 352
92 450
92 533
92 837
92 1124
92 1197
92 1437
92 1809
92 1924
93 95
93 159
93 361
93 445
93 500
93 815
93 1061
93 1307
93 1873
93 1946
93 1949
94 109
94 161
94 176
94 183
94 256
94 324
94 328
94 491
94 502
94 564
94 612
94 644
94 659
94 758
94 849
94 915
94 1097
94 1127
94 1135
94 1227
94 1229
94 1255
94 1406
94 1570
95 237
95 244
95 447
95 547
95 555
95 661
95 733
95 777
95 1078
95 1309
95 1840
96 210
96 594
96 758
96 963
96 1036
96 1113
96 1589
96 1779
96 1831
96 1935
96 1990
97 111
97 127
97 202
97 206
97 222
97 315
97 351
97 373
97 393
97 446
97 499
97 556
97 605
97 617
97 659
97 892
97 908
97 985
97 1243
97 1358
97 1429
97 1528
98 167
98 195
98 237
98 604
98 708
98 1299
98 1602
98 1685
98 1716
98 1763
99 105
99 145
99 187
99 1045
100 383
100 419
100 474
100 561
100 626
100 644
100 1166
100 1207
100 1345
100 1531
100 1638
101 255
101 261
101 368
101 391
101 402
101 448
101 529
101 639
101 735
101 737
101 1952
102 103
102 107
102 108
102 110
102 123
102 128
102 139
102 172
102 216
102 233
102 235
102 277
102 279
102 282
102 334
102 348
102 451
102 529
102 572
102 592
102 636
102 678
102 766
102 860
102 909
102 925
102 933
102 1061
102 1167
102 1179
102 1258
102 1261
102 1405
102 1721
102 1854
102 1960
103 115
103 126
103 201
103 396
103 484
103 757
103 788
103 850
103 860
103 1063
103 1191
103 1496
103 1732
103 1751
103 1798
103 1887
104 115
104 122
104 262
104 306
104 369
104 427
104 467
104 595
104 602
104 723
104 775
104 833
104 1109
104 1264
104 1268
104 1287
104 1611
104 1917
105 124
105 144
105 186
105 331
105 333
105 336
105 355
105 380
105 475
105 564
105 724
105 955
105 958
105 971
105 975
105 998
105 1035
105 1051
105 1088
105 1127
105 1160
105 1224
105 1271
105 1319
105 1325
105 1333
105 1432
105 1631
105 1745
105 1998
106 188
106 206
106 236
106 537
106 654
106 670
106 690
106 696
106 819
106 1018
106 1031
106 1053
106 1409
106 1488
106 1611
107 159
107 264
107 305
107 392
107 397
107 409
107 473
107 477
107 486
107 491
107 495
107 684
107 799
107 831
107 998
107 1007
107 1240
107 1321
107 1362
107 1389
107 1592
107 1688
107 1785
107 1796
108 150
108 155
108 235
108 284
108 396
108 511
108 566
108 621
108 654
108 710
108 766
108 847
108 973
108 1092
108 1341
108 1521
108 1646
108 1752
109 241
109 280
109 537
109 886
109 911
109 1419
110 237
110 250
110 296
110 511
110 664
110 1094
110 1208
110 1214
110 1464
110 1623
110 1656
110 1789
110 1950
111 239
111 318
111 348
111 351
111 429
111 455
111 482
111 544
111 552
111 556
111 571
111 688
111 766
111 768
111 858
111 946
111 1061
111 1084
111 1156
111 1430
111 1437
111 1456
111 1595
112 123
112 225
112 346
112 527
112 694
112 1139
112 1469
112 1497
113 195
113 349
113 1462
113 1552
114 154
114 164
114 358
114 362
114 388
114 497
114 1054
114 1124
114 1215
114 1312
114 1446
114 1712
114 1771
114 1887
115 167
115 196
115 200
115 212
115 219
115 308
115 596
115 689
115 725
115 738
115 937
116 131
116 256
116 775
116 1282
116 1466
117 138
117 144
117 181
117 787
117 901
117 1097
117 1362
117 1645
117 1922
118 140
118 141
118 146
118 191
118 309
118 422
118 474
118 496
118 599
118 797
118 898
118 906
118 996
118 1239
118 1616
118 1636
118 1984
119 201
119 543
119 775
119 842
119 961
119 1015
119 1042
119 1357
120 437
120 784
120 846
120 1521
120 1684
121 309
121 337
121 344
121 366
121 377
121 427
121 429
121 434
121 627
121 749
121 773
121 881
121 958
121 1496
121 1594
121 1844
122 314
122 404
122 609
122 662
122 767
122 892
122 1330
122 1406
122 1460
122 1551
122 1727
123 232
123 246
123 248
123 432
123 490
123 550
123 565
123 599
123 637
123 665
123 739
123 861
123 878
123 1467
123 1758
123 1925
123 1931
124 180
124 755
124 862
124 878
124 1049
124 1419
124 1625
124 1669
125 717
125 990
125 1163
126 168
126 178
126 407
126 1255
126 1328
126 1612
126 1790
127 148
127 177
127 559
127 648
127 725
127 920
127 994
127 1031
127 1177
127 1525
127 1699
127 1831
127 1835
127 1956
128 521
128 847
129 303
129 534
129 729
129 1008
129 1181
129 1440
129 1449
129 1868
129 1890
129 1987
130 237
130 528
130 531
130 594
130 705
130 919
130 1302
130 1417
130 1705
130 1998
131 165
131 215
131 649
131 760
131 934
131 1740
132 320
132 385
132 442
132 880
132 1532
133 179
133 399
133 527
133 602
133 751
133 1016
134 196
134 297
134 323
134 504
134 586
134 614
134 631
134 746
134 960
134 1467
134 1476
134 1737
135 172
135 241
135 312
135 357
135 390
135 396
135 460
135 517
135 577
135 593
135 815
135 879
135 1541
135 1662
135 1696
136 205
136 232
136 251
136 316
136 544
136 586
136 596
136 904
136 1165
137 139
137 166
137 230
137 250
137 263
137 265
137 319
137 360
137 384
137 392
137 410
137 447
137 606
137 630
137 645
137 660
137 714
137 1187
137 1360
137 1398
137 1536
137 1589
137 1683
137 1713
137 1888
137 1976
138 163
138 1641
138 1719
138 1985
139 171
139 176
139 305
139 345
139 524
139 806
139 840
139 992
139 1080
139 1115
139 1505
139 1519
139 1521
139 1560
140 246
140 372
140 408
140 590
140 616
140 1149
140 1164
140 1725
141 921
141 1078
141 1375
141 1535
141 1572
142 287
142 325
142 488
142 496
142 645
142 750
142 1653
142 1719
142 1804
142 1843
143 233
143 254
143 292
143 508
143 702
143 956
143 1279
143 1808
144 152
144 157
144 160
144 185
144 205
144 211
144 247
144 278
144 315
144 323
144 359
144 386
144 403
144 406
144 465
144 489
144 557
144 635
144 687
144 770
144 852
144 902
144 1024
144 1035
144 1077
144 1093
144 1335
144 1543
144 1576
144 1952
145 160
145 173
145 214
145 265
145 349
145 389
145 426
145 439
145 449
145 576
145 624
145 671
145 741
145 752
145 833
145 895
145 921
145 957
145 989
145 1266
145 1323
145 1433
145 1510
145 1672
145 1954
145 1975
146 149
146 158
146 161
146 258
146 262
146 340
146 355
146 369
146 434
146 550
146 592
146 805
146 1127
146 1183
146 1187
146 1557
146 1674
146 1753
146 1847
146 1855
146 1991
147 457
147 1755
147 1801
148 212
148 651
148 1208
148 1321
148 1567
148 1642
148 1999
149 468
149 489
149 1019
149 1069
149 1090
150 177
150 223
150 261
150 395
150 423
150 531
150 581
150 797
150 957
150 972
150 1196
150 1319
150 1433
150 1555
150 1838
150 1905
151 455
151 616
152 367
152 369
152 405
152 549
152 1193
152 1794
153 501
153 568
153 604
153 699
153 993
153 1805
154 216
154 297
154 688
154 722
154 941
154 1478
154 1591
154 1935
155 625
155 821
155 865
155 1159
155 1263
155 1400
155 1501
155 1578
155 1868
156 322
156 350
156 368
156 425
156 526
156 668
156 718
156 738
156 765
156 931
156 955
156 988
156 1002
156 1005
156 1132
156 1319
156 1357
156 1458
156 1515
156 1700
156 1707
156 1839
156 1914
156 1923
157 165
157 264
157 359
157 492
157 667
157 1045
157 1435
157 1482
157 1720
157 1860
157 1880
158 317
158 459
158 617
158 678
158 813
158 907
158 920
158 1050
158 1355
158 1476
158 1568
158 1898
158 1926
159 161
159 170
159 178
159 222
159 242
159 318
159 454
159 512
159 523
159 549
159 552
159 590
159 675
159 724
159 737
159 1117
159 1182
159 1194
159 1231
159 1402
159 1430
159 1798
160 513
160 720
160 725
160 1619
161 215
161 260
161 266
161 269
161 345
161 376
161 453
161 462
161 481
161 521
161 595
161 634
161 678
161 741
161 917
161 977
161 1239
161 1366
161 1395
161 1455
162 387
162 532
162 625
162 822
162 913
162 988
162 1204
162 1240
162 1380
162 1472
162 1568
162 1848
162 1981
163 353
163 363
163 449
163 467
163 477
163 548
163 559
163 689
163 792
163 861
163 998
163 1068
163 1749
163 1792
163 1826
164 165
164 217
164 335
164 759
164 1329
164 1346
164 1871
165 272
165 298
165 427
165 534
165 560
165 802
165 891
165 1002
165 1044
165 1112
165 1223
165 1817
165 1862
165 1914
165 1941
166 178
166 186
166 264
166 331
166 332
166 357
166 371
166 433
166 436
166 480
166 509
166 515
166 537
166 559
166 573
166 604
166 873
166 948
166 957
166 1017
166 1107
166 1111
166 1286
166 1323
166 1463
166 1474
166 1550
166 1674
166 1733
166 1923
167 261
167 690
167 890
167 1085
168 215
168 418
168 639
168 1158
168 1175
168 1220
168 1558
169 401
169 525
169 653
169 836
169 952
169 1561
170 239
170 330
170 751
170 966
170 1048
170 1266
170 1452
170 1960
171 205
171 263
171 411
171 420
171 445
171 644
171 821
171 851
171 1133
171 1144
171 1389
171 1470
171 1934
171 1997
173 378
173 610
173 778
173 1156
173 1549
173 1750
173 1780
173 1879
174 192
174 193
174 224
174 331
174 362
174 470
174 482
174 513
174 596
174 808
174 827
174 916
174 1013
174 1070
174 1091
174 1234
174 1293
174 1365
174 1616
174 1686
174 1744
174 1948
175 213
175 278
175 366
175 539
175 743
175 1039
175 1084
175 1190
175 1700
176 281
176 432
176 607
176 617
176 734
176 789
176 916
176 1236
176 1504
176 1723
176 1782
176 1791
177 242
177 379
177 786
177 1074
177 1141
177 1406
177 1524
178 190
178 562
178 769
178 857
178 1810
179 304
179 427
179 1709
180 217
180 435
180 718
180 858
180 886
180 1053
180 1792
181 192
181 486
181 691
181 1420
181 1544
181 1738
181 1769
181 1826
181 1971
182 304
182 317
182 379
182 569
183 250
183 782
183 864
183 1071
183 1344
183 1808
184 189
184 468
184 471
184 663
184 755
184 937
184 979
184 1072
184 1290
184 1404
184 1407
184 1431
184 1540
184 1642
184 1643
184 1664
184 1698
184 1762
184 1953
185 281
185 295
185 448
185 449
185 1078
185 1245
185 1399
185 1519
185 1753
185 1788
185 1888
186 223
186 255
186 364
186 370
186 475
186 574
186 601
186 825
186 1037
186 1095
186 1180
186 1338
186 1366
186 1388
187 232
187 257
187 263
187 282
187 330
187 382
187 390
187 437
187 546
187 582
187 621
187 876
187 922
187 990
187 1378
187 1603
187 1871
188 203
188 354
188 484
188 536
188 584
188 614
188 692
188 845
188 870
188 919
188 932
188 988
188 1085
188 1343
188 1454
188 1689
189 214
189 228
189 256
189 547
189 608
189 634
189 734
189 963
189 1391
189 1413
189 1418
189 1678
189 1682
189 1685
189 1919
189 1941
190 269
190 398
190 730
190 1327
191 344
191 348
191 504
191 573
191 739
191 1157
191 1408
191 1429
191 1849
191 1937
191 1977
192 193
192 327
192 558
192 1231
192 1815
193 195
193 259
193 283
193 329
193 331
193 342
193 365
193 442
193 530
193 746
193 813
193 1386
193 1812
194 228
194 241
194 555
194 1482
194 1812
195 418
195 576
195 801
195 1100
195 1749
196 380
196 388
196 662
196 787
196 1114
196 1145
196 1239
196 1395
197 316
197 671
197 864
197 1194
197 1427
197 1444
197 1735
199 314
199 494
199 725
199 890
199 1051
199 1287
199 1289
199 1419
199 1759
199 1922
200 209
200 226
200 1418
200 1497
200 1557
201 267
201 336
201 343
201 349
201 615
201 1169
201 1250
202 275
202 453
202 525
202 601
202 669
202 676
202 697
202 713
202 830
202 1020
202 1024
202 1177
202 1274
202 1293
202 1413
202 1526
204 515
204 686
204 1226
204 1486
204 1603
204 1614
204 1667
205 742
205 1150
205 1423
206 209
206 268
206 394
206 925
206 945
206 1444
206 1753
206 1767
207 240
207 284
207 357
207 447
207 476
207 853
207 1296
207 1639
207 1986
208 655
208 843
209 228
209 291
209 416
209 450
209 483
209 639
209 651
209 841
209 853
210 302
210 369
210 569
210 599
210 603
210 1210
210 1547
210 1617
210 1654
211 954
212 382
212 480
212 1019
212 1351
212 1764
212 1849
213 254
213 342
213 391
213 410
213 641
213 730
213 810
213 1272
213 1324
213 1412
213 1426
213 1492
213 1593
213 1686
213 1964
214 424
214 726
214 757
214 948
214 1027
214 1216
214 1338
214 1876
215 485
215 603
215 1692
216 221
216 372
216 539
216 1152
216 1205
216 1351
217 600
217 660
217 1458
217 1625
217 1655
217 1732
218 233
218 307
218 973
218 1977
219 227
219 400
219 493
219 801
219 1038
219 1156
219 1527
221 227
221 236
221 263
221 265
221 380
221 395
221 591
221 914
221 1008
221 1067
221 1079
221 1138
221 1571
221 1862
221 1899
221 1956
221 1971
222 1780
223 238
223 297
223 596
223 807
223 1129
223 1282
223 1468
223 1761
223 1774
223 1860
224 439
224 1020
224 1604
225 289
225 401
225 473
225 522
225 566
225 594
225 784
225 825
225 1028
225 1513
225 1604
226 578
226 622
226 1019
227 249
227 358
227 408
227 719
227 732
227 1269
227 1766
228 288
228 307
228 452
228 570
228 578
228 579
228 648
228 736
228 745
228 790
228 898
228 1211
228 1350
228 1457
228 1494
228 1583
228 1590
228 1773
229 272
229 285
229 398
229 467
229 541
229 909
229 1743
229 1926
229 1929
230 258
230 347
230 436
230 846
230 1888
230 1947
231 982
231 1137
232 247
232 272
232 332
232 485
232 1387
232 1545
232 1621
232 1628
232 1939
233 1161
233 1808
234 446
234 478
234 1030
234 1130
234 1384
234 1711
234 1881
235 451
235 468
235 548
235 1275
235 1979
236 417
236 431
236 472
236 553
236 581
236 812
236 1052
236 1142
236 1790
236 1879
237 522
237 581
237 812
237 1037
237 1066
237 1362
237 1570
237 1666
237 1718
237 1724
237 1961
238 460
238 542
238 546
238 838
238 1129
238 1404
238 1721
238 1774
238 1948
239 814
240 298
240 326
240 1104
240 1297
240 1504
241 345
241 419
241 578
241 811
241 1000
241 1033
241 1057
241 1654
241 1937
242 1160
242 1256
242 1383
242 1665
242 1910
243 252
243 257
243 313
243 336
243 602
243 942
243 956
243 970
243 1336
243 1401
243 1418
243 1641
243 1857
244 304
244 337
244 515
244 674
245 434
245 611
245 709
245 885
245 1166
246 379
246 672
246 682
246 726
246 728
246 759
246 1287
246 1343
246 1680
247 420
247 536
247 605
247 721
247 1473
247 1511
247 1967
248 1063
248 1111
249 274
249 583
249 603
250 615
250 748
250 970
250 1598
251 730
251 899
251 1100
252 532
252 888
252 920
252 1252
252 1772
252 1993
253 328
253 385
253 397
253 588
253 648
253 959
253 963
253 1107
253 1290
253 1760
254 342
254 409
254 511
254 772
254 997
254 1909
255 471
255 498
255 903
255 967
255 1692
255 1765
255 1952
256 472
256 637
256 686
256 689
256 1353
257 337
257 449
257 532
257 610
257 684
257 848
257 996
257 1157
257 1585
257 1609
257 1976
258 1097
258 1248
258 1265
258 1579
259 608
259 907
259 927
259 982
259 1305
259 1388
259 1417
259 1560
260 265
260 285
260 388
260 415
260 430
260 1167
260 1443
260 1565
260 1798
261 299
261 313
261 380
261 542
261 562
261 975
261 1041
261 1071
261 1454
261 1531
262 345
262 439
262 479
262 514
262 653
262 658
262 784
262 1046
262 1151
262 1359
262 1374
262 1462
262 1592
263 321
263 1985
264 290
264 375
264 436
264 800
264 905
264 1125
264 1875
264 1957
265 513
265 969
265 1071
265 1102
266 276
266 842
266 895
266 983
267 429
267 480
267 567
267 876
267 966
267 1201
267 1204
267 1270
267 1373
267 1413
267 1500
267 1729
267 1872
268 273
268 317
268 373
268 509
268 658
268 811
268 820
268 1126
268 1138
268 1394
268 1504
268 1645
268 1911
269 295
269 444
269 697
269 782
269 848
270 346
270 350
270 461
270 521
270 899
270 944
270 1011
271 299
271 479
271 526
271 822
272 428
272 1712
273 1162
273 1198
273 1315
273 1704
273 1873
274 433
274 703
274 809
274 835
274 1011
274 1385
274 1746
275 308
275 1101
275 1466
275 1736
276 320
276 381
276 425
276 872
276 1136
276 1247
276 1399
276 1535
276 1716
276 1720
276 1772
277 1040
278 356
278 740
278 1530
278 1979
279 338
279 400
279 424
279 443
279 696
279 709
279 779
279 833
279 990
279 1099
279 1117
279 1218
279 1273
279 1415
279 1428
279 1431
279 1561
279 1635
279 1708
279 1719
279 1885
280 1223
280 1910
281 330
281 454
281 724
281 1421
281 1883
282 356
282 664
282 793
282 966
282 1010
282 1361
283 430
283 663
283 756
283 908
283 1242
284 377
284 486
284 953
284 983
284 1368
284 1438
284 1774
284 1885
285 287
285 756
285 1096
285 1529
285 1693
285 1697
286 780
286 1094
287 296
287 414
287 601
287 799
287 944
287 1448
287 1455
287 1588
287 1653
288 633
288 1059
288 1350
288 1442
289 443
289 926
289 1080
289 1926
290 457
291 506
291 1276
291 1815
291 1939
291 1992
292 341
292 476
292 520
292 701
292 1305
292 1355
292 1590
292 1710
292 1733
293 407
293 720
293 1198
293 1341
294 407
294 438
294 620
294 783
294 785
294 978
294 1195
294 1311
294 1378
294 1451
295 781
295 1230
295 1289
295 1359
295 1774
295 1793
296 452
296 962
296 985
296 1220
296 1483
297 395
297 417
297 451
297 458
297 772
297 844
297 1411
297 1585
298 339
298 443
298 506
298 1114
298 1147
298 1162
298 1166
298 1210
298 1225
298 1470
298 1536
298 1841
298 1873
299 815
299 999
299 1409
299 1487
299 1610
300 381
300 404
300 444
300 898
300 971
300 984
300 1378
300 1784
301 374
301 505
301 817
301 1017
301 1416
301 1568
301 1759
302 363
302 456
302 652
302 742
302 798
302 986
302 1463
302 1624
303 523
303 541
303 1270
303 1656
303 1850
304 430
304 1046
304 1269
305 1097
305 1184
305 1275
305 1777
306 435
306 896
306 1963
307 523
307 561
307 698
307 913
307 991
307 1205
307 1311
307 1712
308 323
308 339
308 413
308 466
308 602
308 626
308 659
308 798
308 1104
308 1254
308 1523
308 1624
308 1694
308 1786
308 1801
308 1927
308 1966
309 555
309 1668
310 405
310 1172
310 1392
310 1512
311 939
311 1955
312 477
312 631
312 691
312 972
312 1045
312 1067
312 1348
312 1463
312 1484
313 588
313 629
313 681
313 1210
313 1517
313 1721
314 359
314 510
314 910
314 1328
315 329
315 485
315 595
315 628
315 633
315 694
315 799
315 1317
315 1574
315 1832
316 553
316 568
316 571
316 618
316 749
316 774
316 783
316 851
316 896
316 1093
316 1178
316 1238
316 1357
316 1581
317 352
317 353
317 518
317 634
317 912
317 967
317 984
317 989
317 1063
317 1160
317 1288
317 1353
317 1478
317 1523
317 1793
317 1800
317 1881
318 393
318 461
318 551
318 828
318 1671
318 1960
319 339
319 939
319 1041
319 1364
319 1689
319 1914
320 374
320 1588
320 1835
321 1171
321 1200
322 498
322 804
322 1112
322 1165
322 1225
322 1269
322 1281
322 1714
323 340
323 469
323 1393
323 1757
324 1692
325 1732
325 1743
326 416
326 438
326 550
326 844
326 916
326 1033
326 1149
326 1215
326 1420
326 1471
326 1553
326 1863
326 1932
326 1964
327 716
327 777
327 1180
327 1379
327 1383
327 1541
327 1658
327 1740
328 606
328 626
328 662
328 704
328 1113
329 818
329 965
329 1315
329 1601
329 1642
329 1936
330 375
330 499
330 584
330 660
330 894
330 984
330 1034
330 1540
330 1630
330 1675
331 856
331 1188
332 504
332 637
332 652
332 664
332 748
332 924
332 1442
332 1783
333 616
333 657
333 679
333 1674
334 403
334 405
334 764
334 866
334 1090
334 1214
334 1306
334 1660
335 394
335 1673
336 642
336 749
336 1261
336 1990
337 394
337 638
337 695
337 1566
338 484
338 780
338 802
338 1485
338 1628
338 1714
339 364
339 492
339 1528
340 647
340 1001
340 1108
340 1556
340 1618
340 1780
341 426
341 567
341 675
341 852
341 865
341 1044
341 1250
341 1407
341 1540
341 1657
341 1918
342 394
342 773
342 776
342 810
342 1281
342 1536
343 350
343 370
343 1042
343 1246
344 378
344 1105
344 1326
344 1498
344 1501
344 1930
344 1969
345 633
345 874
345 893
345 985
345 1492
345 1857
346 514
346 528
347 574
347 623
347 653
347 1554
347 1737
348 680
348 722
348 981
348 1012
348 1226
348 1515
348 1640
348 1770
349 618
349 853
349 1031
349 1158
349 1693
350 376
350 850
350 1810
351 975
351 1559
352 375
352 1404
353 370
353 406
353 1370
353 1634
354 1099
354 1151
356 486
356 1119
356 1546
356 1607
356 1722
357 706
357 938
357 1257
357 1448
357 1769
358 983
358 1094
359 682
360 842
360 1476
361 570
361 674
361 1152
361 1430
362 363
362 385
362 389
362 412
362 584
362 1344
362 1685
363 505
364 575
364 762
364 785
364 1080
364 1166
364 1643
365 754
365 1138
366 856
368 638
368 1475
368 1696
368 1806
368 1846
369 461
369 1226
369 1440
369 1502
369 1794
370 547
370 918
370 1268
370 1289
370 1701
371 469
371 655
371 742
371 830
371 1084
371 1629
371 1673
371 1781
371 1805
371 1821
372 413
372 450
372 662
372 712
372 1031
372 1188
372 1203
372 1307
372 1388
372 1992
373 464
373 706
373 850
373 868
373 902
373 982
373 1258
373 1483
373 1548
373 1627
373 1874
373 1884
373 1979
374 542
374 1046
374 1354
374 1806
375 507
375 1105
375 1154
375 1252
375 1352
375 1615
375 1859
376 1970
377 551
377 867
377 958
377 990
377 1295
377 1356
377 1491
377 1754
377 1864
378 407
378 719
378 942
379 964
379 987
380 516
380 1453
380 1641
381 748
381 1394
381 1485
382 733
382 849
382 959
382 1245
382 1942
383 412
383 445
383 463
383 704
383 929
383 1365
384 585
384 683
384 765
384 889
384 1129
384 1325
384 1439
384 1693
385 463
385 721
385 816
385 943
385 1528
385 1629
385 1877
386 503
386 698
386 814
386 1321
387 856
389 400
389 507
389 681
389 1597
389 1889
389 1913
390 501
390 552
390 872
390 878
390 950
391 588
391 606
391 694
391 722
391 1044
391 1424
391 1451
392 1095
392 1599
392 1623
394 561
394 864
394 1083
394 1783
395 417
395 623
395 690
395 723
395 994
395 1460
395 1584
395 1603
395 1842
395 1912
396 493
396 574
396 668
396 874
397 868
397 870
397 1005
398 628
398 1643
399 464
399 634
399 1363
399 1927
399 1994
400 951
400 1194
400 1217
401 583
401 936
401 1988
402 415
402 535
402 619
402 947
402 1164
402 1725
402 1765
402 1819
402 1924
403 518
403 558
403 611
404 459
404 504
404 592
404 699
404 773
404 795
404 894
404 965
404 1047
404 1220
404 1316
404 1381
405 729
405 1714
406 508
406 686
406 740
406 795
406 805
406 833
406 934
406 1472
406 1508
406 1514
406 1574
406 1776
407 1125
408 1919
409 564
409 1010
409 1022
409 1243
409 1346
409 1947
410 1027
410 1258
410 1621
410 1982
411 608
411 766
411 947
411 998
411 1293
411 1422
411 1426
411 1498
411 1531
412 540
412 643
412 679
412 768
412 867
412 1291
412 1506
412 1672
412 1767
412 1829
413 426
413 473
413 966
413 1162
413 1564
413 1806
414 1114
414 1133
415 786
415 1906
416 456
416 967
416 1382
416 1591
417 536
417 565
417 575
417 611
417 714
417 803
417 1010
417 1017
417 1457
417 1559
417 1737
417 1866
418 615
418 658
418 819
418 1142
418 1147
418 1745
419 656
419 811
419 1146
419 1626
419 1631
419 1669
419 1855
420 610
420 645
420 767
420 922
420 956
420 1009
420 1127
420 1181
420 1632
420 1746
420 1866
420 1975
421 1064
421 1331
421 1725
422 529
422 590
422 657
422 779
422 816
422 870
422 932
422 995
422 997
422 1025
422 1144
422 1299
422 1425
422 1453
422 1622
422 1659
422 1696
422 1755
422 1811
422 1835
422 1906
423 962
423 1837
424 1312
424 1315
424 1451
424 1811
424 1905
425 499
425 570
425 771
425 808
426 676
426 1058
426 1459
427 601
428 843
428 946
428 1393
428 1632
429 615
429 844
429 1128
429 1143
429 1304
429 1460
429 1581
429 1796
429 1800
430 550
430 797
430 1295
430 1444
430 1599
431 498
431 795
431 820
431 879
431 1089
431 1244
432 540
432 793
432 1288
432 1787
433 761
433 1139
433 1763
434 441
434 1109
434 1552
434 1763
435 1453
436 463
436 531
436 631
436 641
436 685
436 723
436 750
436 944
436 1021
436 1110
436 1558
436 1670
436 1854
436 1939
436 1961
437 453
437 1068
438 554
439 642
440 710
440 826
440 1585
441 580
441 710
441 890
441 1077
441 1267
442 1207
442 1267
442 1373
442 1382
443 650
443 690
443 856
443 867
443 1191
443 1297
443 1390
443 1487
443 1649
443 1721
443 1781
444 592
444 887
444 918
444 1262
444 1272
445 1218
445 1858
446 1050
447 612
447 754
448 589
448 683
448 999
448 1582
448 1602
449 666
449 1174
449 1203
449 1722
450 1146
451 666
451 707
451 779
451 1084
451 1861
452 471
452 675
452 693
452 719
452 826
452 1053
452 1756
452 1968
452 1985
453 709
453 801
453 1087
454 474
454 555
454 640
454 1161
454 1292
454 1405
454 1919
455 1226
456 1025
456 1421
456 1920
457 644
457 702
457 704
457 892
457 980
457 1007
457 1259
457 1283
457 1568
457 1625
457 1795
458 503
458 854
458 1077
458 1467
458 1561
459 1181
459 1310
459 1677
459 1887
459 1987
460 632
460 1046
460 1081
460 1104
460 1379
460 1720
461 526
461 548
461 1059
461 1262
461 1275
461 1443
462 896
462 959
462 1002
462 1768
463 755
463 1590
463 1695
463 1902
464 625
464 1012
465 520
465 581
465 923
465 1298
465 1391
465 1459
465 1491
465 1561
465 1632
465 1758
466 469
466 685
466 1040
466 1120
466 1241
466 1836
467 1082
467 1201
467 1526
467 1886
467 1976
467 1997
468 794
468 1143
469 793
470 1230
470 1375
470 1510
470 1579
470 1708
471 473
471 538
471 789
471 1076
472 487
472 563
472 642
472 1212
473 557
473 778
473 803
473 1052
473 1115
473 1209
473 1244
473 1903
474 500
474 781
474 1227
474 1454
475 502
475 669
475 996
475 1422
475 1514
475 1546
476 526
476 1342
476 1872
477 1511
477 1526
477 1597
478 490
478 904
478 968
478 1136
478 1670
478 1892
478 1899
479 568
479 587
479 655
479 933
479 1233
479 1501
479 1913
480 585
480 824
480 840
480 1062
480 1723
481 1206
481 1681
481 1722
481 1750
482 598
482 802
482 1594
483 510
483 649
483 676
483 696
483 1527
483 1667
484 600
484 613
484 855
484 1047
484 1048
484 1103
485 1260
486 677
486 930
486 953
486 1122
486 1227
486 1360
486 1448
486 1575
486 1819
486 1989
487 1178
487 1402
487 1633
488 737
489 778
489 884
489 1475
489 1792
489 1910
490 882
490 1347
490 1448
491 535
491 832
491 1215
491 1232
491 1276
491 1439
491 1841
492 587
492 604
492 925
492 1422
492 1690
492 1829
492 1880
493 1981
494 975
494 1556
495 552
495 783
495 804
495 831
495 923
495 960
495 1405
495 1567
495 1818
495 1962
496 695
496 793
496 1711
497 1288
497 1373
497 1569
497 1598
497 1853
498 1520
499 681
499 1149
499 1617
500 791
500 839
500 1402
500 1869
501 796
501 804
501 1137
501 1387
501 1558
501 1704
502 520
502 540
502 653
502 1032
502 1624
503 1205
503 1241
503 1469
503 1670
504 952
505 573
505 577
505 1126
505 1431
505 1479
505 1891
506 562
506 691
506 1060
506 1412
506 1545
507 1033
507 1036
507 1067
508 797
508 1473
508 1598
509 760
509 884
509 923
509 1048
509 1051
509 1076
509 1336
509 1502
509 1707
509 1709
509 1750
510 585
510 1017
510 1468
510 1789
511 565
511 575
511 670
511 1183
512 693
512 727
512 878
512 1008
512 1173
512 1357
512 1610
512 1908
513 846
513 1058
513 1379
513 1537
514 906
514 981
514 1040
515 517
515 1557
515 1635
515 1980
516 517
516 708
516 1134
516 1461
516 1792
516 1900
517 557
517 566
517 753
517 942
517 954
517 978
517 1883
517 1929
517 1940
518 655
518 1288
518 1891
519 1587
520 1458
521 1222
521 1486
522 585
522 612
522 754
522 810
522 911
522 1018
522 1120
522 1131
522 1277
522 1306
522 1317
522 1830
523 1209
524 958
524 1337
524 1635
525 591
525 834
525 1898
526 760
526 863
526 1442
526 1864
527 899
527 1701
527 1715
527 1917
528 583
528 673
528 995
528 1169
528 1838
530 1010
530 1049
530 1157
530 1371
530 1421
530 1444
530 1863
531 692
531 1207
531 1247
531 1726
532 780
532 843
532 865
532 915
532 1179
532 1183
532 1439
532 1488
532 1925
533 1309
534 930
534 1165
534 1447
535 1277
535 1513
535 1921
536 567
536 883
536 1249
536 1714
537 757
537 1296
537 1446
537 1593
537 1638
537 1877
538 1523
538 1773
539 807
539 1035
539 1145
540 556
540 1106
540 1376
540 1697
541 640
541 1190
541 1266
541 1285
541 1446
541 1760
541 1776
541 1944
542 1192
542 1325
542 1408
542 1851
543 600
543 872
543 903
543 904
543 914
543 961
543 1058
543 1213
543 1320
543 1375
543 1718
543 1945
544 776
546 587
546 716
546 927
546 962
546 1670
547 828
547 988
547 1691
547 1814
548 824
548 1069
548 1314
548 1425
548 1478
548 1609
548 1892
549 874
549 1089
549 1521
550 627
550 760
550 792
550 1041
550 1246
550 1465
550 1718
551 1370
552 899
552 1260
552 1989
554 579
554 670
555 657
556 710
556 1398
556 1479
556 1658
557 563
557 991
557 1189
557 1512
557 1672
557 1885
558 1057
558 1219
559 989
559 1168
560 1770
561 769
561 832
561 977
561 1052
562 1077
562 1650
563 837
563 1471
564 883
564 1219
564 1812
565 1770
566 719
566 928
566 1042
567 647
567 968
567 1438
567 1490
569 743
569 847
569 1734
570 593
570 638
570 834
571 1136
571 1185
571 1573
572 622
572 673
572 684
572 800
572 894
572 1096
572 1106
572 1148
572 1241
572 1383
572 1426
572 1938
573 607
573 649
573 661
573 728
573 864
573 879
573 928
574 1023
574 1593
576 753
576 820
576 852
576 1274
576 1450
576 1635
576 1777
576 1819
576 1958
577 613
577 639
577 667
577 869
578 1314
579 828
579 1320
579 1347
579 1586
579 1592
580 805
580 902
580 944
580 974
581 819
582 846
582 939
582 1134
582 1228
582 1493
583 778
583 861
583 984
583 1067
583 1333
583 1925
584 608
584 866
584 1441
584 1693
585 924
585 1314
585 1316
586 1649
586 1707
588 656
588 743
589 629
589 1915
590 713
590 729
590 1123
590 1229
591 1589
592 610
592 941
592 986
592 1418
592 1437
593 826
593 987
593 1267
593 1969
594 1587
595 640
595 729
595 762
595 814
595 873
595 1026
595 1189
595 1300
595 1351
595 1465
595 1639
595 1863
595 1882
595 1901
595 1975
596 900
597 901
597 1043
597 1050
597 1170
597 1368
598 627
599 660
599 683
599 761
599 841
599 849
599 947
599 1236
599 1893
600 976
600 1042
600 1079
600 1852
601 731
601 740
601 933
601 1741
602 1481
602 1539
602 1679
603 763
603 890
603 1974
604 1678
605 699
605 885
605 1075
605 1286
605 1590
605 1600
606 1877
607 1490
607 1507
607 1868
608 767
608 1211
608 1662
608 1823
609 1865
609 1883
610 809
610 956
610 974
610 1131
610 1877
611 1072
611 1268
611 1661
611 1902
612 1462
612 1491
613 620
613 800
614 888
614 1666
614 1775
614 1785
614 1796
614 1882
615 1435
616 1551
617 621
617 1290
617 1572
618 670
618 1170
618 1661
618 1867
619 735
619 876
620 866
620 1131
620 1565
621 728
621 1258
621 1602
622 632
623 650
623 1143
623 1272
624 857
624 1034
624 1273
624 1285
624 1389
624 1564
624 1576
624 1580
625 1737
626 1095
626 1107
626 1524
626 1543
626 1575
626 1943
627 1270
628 647
628 924
629 685
629 829
629 1390
629 1644
629 1772
630 753
630 788
630 848
630 1277
631 648
631 1041
631 1083
631 1111
631 1820
631 1911
632 749
632 1396
632 1747
633 674
633 918
633 1147
634 806
634 1606
635 700
635 926
635 1970
636 901
636 1274
637 792
637 1352
637 1875
638 1055
638 1313
638 1970
640 763
640 816
640 919
640 1098
640 1158
640 1201
641 1006
641 1098
641 1126
642 1091
643 765
643 803
643 1030
643 1171
643 1187
643 1394
643 1633
643 1847
643 1852
643 1932
645 1054
645 1663
647 1206
647 1769
648 669
648 1186
648 1234
648 1252
648 1702
648 1837
649 938
650 782
650 855
650 1758
651 823
651 1308
652 693
652 935
652 1109
652 1577
653 1130
653 1327
654 883
654 1068
654 1326
654 1655
655 750
655 1421
656 669
656 808
656 1186
656 1193
656 1778
656 1841
657 874
657 992
657 1363
658 727
658 747
658 1318
658 1341
659 1144
659 1151
660 709
660 1254
661 692
661 845
661 893
661 919
661 1023
661 1250
661 1279
661 1350
661 1495
661 1685
662 685
662 716
662 758
662 789
662 943
662 1003
662 1082
662 1376
662 1449
662 1523
663 724
663 1238
663 1891
664 900
664 1690
664 1691
664 1948
664 1996
665 744
665 775
665 820
665 961
665 1057
665 1104
665 1210
665 1256
665 1733
665 1745
666 1060
666 1075
666 1095
666 1406
666 1410
666 1453
666 1968
666 1997
667 1945
668 1414
668 1627
669 739
669 912
669 1323
669 1429
669 1800
670 734
670 1481
670 1498
671 744
671 877
671 1330
671 1390
672 1204
672 1301
672 1358
673 687
673 1517
674 1854
674 1881
675 1074
675 1108
675 1199
676 715
676 777
676 972
676 1003
676 1313
676 1466
676 1572
676 1705
676 1969
677 1225
677 1600
678 1697
678 1821
679 887
680 691
680 752
680 976
681 750
681 1000
681 1692
682 1165
682 1538
682 1725
683 839
683 1256
683 1306
684 780
685 1185
686 785
686 812
686 1092
686 1744
687 786
687 889
687 1036
687 1252
687 1327
687 1440
687 1830
688 707
688 882
689 1477
689 1664
689 1676
689 1831
689 1940
691 708
691 722
692 1118
692 1953
693 1308
693 1441
694 809
694 943
694 1339
694 1367
695 703
695 1087
695 1457
695 1555
695 1565
695 1657
695 1687
695 1733
695 1851
695 1996
696 1379
696 1923
697 835
697 893
697 1801
698 1303
699 838
699 1646
700 768
700 814
700 829
700 884
700 1189
700 1450
701 1093
701 1533
702 1602
703 796
704 756
704 1726
705 1129
705 1591
706 759
708 1867
709 1262
709 1314
709 1614
709 1931
709 1972
710 915
711 1916
712 837
712 911
712 1018
712 1043
713 758
713 791
713 914
713 997
713 1212
714 964
714 1340
714 1962
715 854
715 1319
715 1513
715 1713
715 1717
715 1752
716 974
717 822
717 1471
717 1775
717 1804
717 1817
718 950
718 1254
718 1520
719 1014
719 1015
719 1263
719 1271
719 1615
719 1890
720 1028
720 1176
722 1485
723 781
723 1087
723 1115
723 1120
723 1455
723 1607
724 1645
725 745
725 1022
725 1039
725 1183
725 1242
725 1259
725 1706
725 1811
725 1829
726 1508
728 931
728 1170
728 1621
729 1123
729 1222
729 1372
729 1739
730 803
730 955
730 978
730 1304
730 1417
731 1184
731 1703
731 1730
731 1793
732 1552
732 1563
732 1897
733 879
733 953
733 1814
734 866
734 935
734 1455
734 1480
734 1639
734 1878
734 1976
734 1994
735 1216
736 1765
737 1294
737 1303
740 1647
742 1139
742 1200
742 1333
743 1519
743 1782
744 794
744 842
744 888
744 1065
744 1190
745 827
746 768
746 1251
746 1303
746 1687
747 762
747 877
747 1135
748 1177
748 1337
748 1601
748 1708
749 1347
750 1263
750 1386
752 932
752 1380
753 946
753 953
753 1055
753 1305
753 1698
753 1735
754 1872
755 871
755 1004
755 1068
755 1477
756 1091
756 1293
756 1337
756 1942
757 1001
757 1020
757 1105
757 1466
757 1718
757 1839
757 1984
758 835
758 951
758 1037
758 1085
758 1742
759 850
759 1032
759 1356
759 1762
759 1889
760 810
760 1112
760 1878
761 1922
762 811
762 1663
763 896
763 1073
763 1117
763 1934
763 1942
764 839
764 945
764 1055
764 1284
764 1799
766 937
766 1257
767 885
767 1007
767 1259
767 1363
767 1936
767 1955
767 1983
769 930
769 1074
769 1547
769 1873
770 1360
771 1034
771 1070
772 915
772 949
772 1391
773 1527
773 1707
774 862
776 843
776 1055
776 1315
776 1682
776 1694
778 844
778 1128
778 1789
779 1116
779 1482
779 1632
780 949
780 1038
780 1797
780 1961
781 936
781 940
781 1417
781 1634
781 1743
782 1300
782 1950
785 1102
786 1821
787 1286
787 1499
787 1503
787 1539
789 882
789 1014
789 1348
790 1554
790 1617
792 964
792 1716
792 1842
794 1491
795 1021
796 863
796 1213
796 1237
797 993
797 1156
797 1202
797 1815
798 1576
798 1679
799 928
799 1383
800 1249
800 1574
800 1719
800 1986
802 1000
802 1164
802 1673
802 1788
802 1967
802 1994
804 897
804 926
804 1730
806 989
806 992
806 1035
806 1086
806 1116
806 1199
807 905
807 906
807 920
807 999
807 1027
807 1326
807 1457
807 1865
808 1193
808 1839
808 1974
809 925
809 1247
810 1206
810 1698
811 1264
813 1208
813 1563
813 1656
813 1785
813 1971
814 983
814 1684
814 1864
815 1011
815 1385
815 1426
816 937
816 1398
817 940
817 1543
818 897
818 1054
818 1174
818 1377
818 1481
818 1506
818 1541
818 1713
818 1943
819 885
820 886
821 1025
821 1167
822 1659
824 883
824 1142
826 1916
826 1951
827 1079
829 1731
830 1385
831 854
832 1155
832 1311
832 1342
832 1759
834 1992
835 913
835 1312
835 1656
835 1751
835 1859
836 923
836 967
836 1452
836 1456
836 1740
836 1825
836 1908
837 1111
837 1736
837 1920
838 1024
838 1139
838 1148
838 1542
839 1248
840 1860
841 895
841 1071
841 1135
841 1585
842 1237
842 1336
842 1469
842 1544
842 1984
843 1066
844 1396
846 991
846 1009
847 1355
847 1875
847 1977
849 1991
851 951
851 1231
851 1368
853 884
853 1119
853 1757
854 1414
854 1702
855 1056
856 1101
856 1709
857 897
857 1124
857 1434
857 1646
857 1675
857 1821
857 1840
859 936
859 957
859 979
859 1016
859 1751
860 1459
861 1130
861 1292
861 1816
861 1884
862 927
862 1365
863 1248
863 1334
864 951
865 1276
865 1514
865 1695
865 1728
866 971
866 973
867 940
867 1650
868 1301
868 1609
869 1401
870 1978
871 1121
871 1332
871 1392
871 1439
872 1113
872 1266
872 1500
872 1538
872 1847
872 1965
874 1062
876 907
876 1206
876 1299
877 881
877 1136
877 1230
878 933
879 969
880 1438
881 1237
882 1013
882 1294
882 1846
884 922
884 936
886 1043
887 950
887 1163
887 1353
890 1005
890 1138
890 1464
891 1322
892 1202
893 928
893 1145
893 1259
893 1296
893 1474
893 1661
893 1980
894 929
894 1100
894 1126
894 1410
894 1586
896 1101
896 1307
897 1582
897 1944
898 1320
899 1137
900 1295
900 1316
900 1782
901 917
901 1014
901 1569
902 1396
902 1631
902 1637
903 912
903 1234
903 1345
903 1449
903 1586
903 1700
903 1701
903 1918
904 1318
907 931
907 1242
907 1795
908 977
908 1004
908 1228
908 1649
908 1845
909 1078
909 1518
909 1880
909 1985
910 1006
910 1066
910 1284
911 1387
912 982
912 1075
912 1664
912 1680
913 1281
913 1468
913 1493
913 1782
914 1410
914 1807
914 1933
917 1278
918 1436
919 1509
919 1928
920 1231
920 1403
921 1958
922 1253
923 1553
924 1211
925 1374
925 1433
925 1501
925 1808
926 1002
926 1168
926 1370
926 1489
926 1579
928 1545
929 1016
930 1039
930 1279
931 1403
932 968
933 1968
934 1153
934 1331
935 1382
935 1724
936 1748
938 1047
938 1094
938 1150
938 1262
939 1148
942 1173
943 1335
944 1214
944 1734
945 1173
945 1921
946 1194
946 1788
947 1445
947 1623
947 1729
947 1766
948 1049
948 1665
949 1765
950 1495
950 1619
951 1942
952 1678
953 959
954 1073
955 1242
956 1208
956 1236
956 1384
956 1582
956 1741
957 1195
957 1496
958 1198
958 1640
959 1329
959 1897
960 1400
960 1578
960 1928
961 1273
963 1188
963 1786
963 1964
966 1029
966 1880
966 1959
967 1441
969 1310
970 999
970 1154
972 1397
972 1483
974 1145
975 1797
975 1945
978 1222
979 1328
980 1416
982 1247
982 1856
983 1387
984 1170
985 1606
985 1834
987 1124
987 1167
987 1401
987 1803
987 1900
988 1766
988 1947
989 1537
990 1306
990 1438
992 1015
992 1587
992 1599
992 1776
992 1813
992 1818
993 1130
993 1224
993 1473
994 1424
994 1827
994 1918
995 1074
995 1560
995 1763
995 1862
996 1090
996 1660
996 1769
997 1243
997 1684
998 1434
998 1538
999 1304
999 1807
1001 1569
1001 1827
1001 1894
1002 1276
1002 1334
1002 1506
1002 1949
1003 1043
1003 1768
1004 1028
1004 1751
1005 1132
1006 1356
1006 1596
1007 1525
1008 1680
1008 1979
1010 1173
1012 1812
1013 1362
1014 1993
1015 1605
1016 1245
1016 1522
1016 1535
1017 1122
1017 1577
1018 1060
1018 1364
1019 1586
1020 1747
1021 1852
1022 1562
1023 1217
1025 1420
1026 1515
1027 1286
1027 1412
1028 1209
1029 1272
1029 1666
1030 1626
1030 1791
1031 1103
1031 1686
1033 1343
1033 1518
1033 1605
1033 1668
1033 1913
1034 1216
1035 1223
1035 1270
1035 1650
1035 1678
1035 1994
1037 1580
1038 1810
1039 1853
1040 1595
1041 1992
1042 1310
1043 1648
1043 1662
1043 1822
1044 1480
1044 1651
1045 1800
1047 1114
1047 1249
1048 1676
1049 1897
1050 1099
1050 1871
1052 1411
1052 1824
1053 1677
1055 1205
1055 1845
1055 1973
1057 1724
1059 1086
1059 1771
1060 1484
1061 1499
1062 1108
1062 1180
1062 1338
1066 1350
1069 1112
1069 1520
1070 1969
1071 1730
1072 1436
1072 1631
1073 1550
1074 1175
1074 1264
1074 1584
1075 1355
1076 1292
1076 1844
1078 1748
1080 1618
1080 1696
1080 1833
1081 1940
1082 1327
1083 1627
1083 1878
1084 1323
1084 1484
1084 1978
1087 1603
1087 1651
1091 1481
1092 1375
1094 1339
1095 1359
1095 1433
1096 1121
1098 1240
1098 1324
1098 1637
1098 1813
1099 1937
1101 1977
1103 1224
1103 1429
1104 1445
1104 1472
1105 1331
1107 1140
1107 1322
1107 1376
1109 1334
1110 1541
1111 1534
1112 1943
1113 1174
1113 1265
1113 1489
1113 1611
1113 1682
1113 1735
1114 1221
1114 1495
1115 1419
1115 1757
1116 1824
1116 1923
1117 1199
1118 1705
1119 1257
1121 1727
1121 1862
1122 1171
1122 1775
1122 1909
1123 1731
1124 1141
1124 1382
1124 1652
1125 1681
1125 1865
1126 1285
1126 1637
1126 1833
1127 1412
1127 1530
1128 1333
1128 1647
1128 1943
1129 1778
1133 1317
1136 1456
1139 1648
1140 1456
1141 1233
1141 1944
1142 1818
1143 1346
1144 1865
1146 1928
1147 1241
1147 1246
1147 1550
1147 1781
1150 1361
1150 1644
1150 1728
1151 1168
1152 1560
1152 1606
1154 1989
1155 1834
1156 1748
1157 1825
1158 1342
1158 1377
1159 1788
1161 1669
1161 1710
1162 1263
1162 1791
1163 1211
1163 1213
1163 1290
1163 1317
1163 1672
1164 1507
1164 1822
1167 1220
1167 1470
1167 1471
1167 1540
1170 1420
1170 1422
1170 1636
1170 1926
1171 1321
1172 1415
1172 1637
1176 1659
1177 1850
1178 1309
1178 1400
1178 1468
1178 1525
1178 1671
1178 1876
1179 1274
1179 1341
1179 1833
1179 1851
1180 1573
1181 1369
1181 1978
1184 1948
1185 1413
1185 1563
1187 1671
1188 1251
1189 1302
1189 1509
1190 1299
1191 1556
1191 1914
1191 1950
1193 1447
1193 1912
1194 1381
1194 1505
1195 1492
1196 1249
1196 1859
1197 1385
1198 1340
1200 1397
1200 1899
1201 1348
1202 1443
1203 1221
1203 1301
1203 1849
1203 1896
1206 1868
1206 1957
1208 1345
1210 1472
1210 1663
1214 1346
1215 1309
1215 1411
1215 1604
1215 1925
1216 1239
1216 1559
1217 1832
1220 1352
1222 1322
1223 1653
1224 1282
1225 1646
1228 1699
1228 1956
1229 1870
1232 1415
1232 1703
1232 1850
1234 1489
1234 1787
1235 1344
1235 1384
1235 1512
1235 1614
1236 1567
1236 1597
1237 1886
1240 1839
1240 1927
1242 1958
1243 1251
1246 1482
1246 1901
1249 1622
1249 1826
1250 1354
1251 1324
1251 1509
1251 1619
1251 1666
1251 1697
1251 1717
1251 1832
1252 1358
1259 1409
1259 1731
1260 1933
1261 1478
1262 1966
1264 1573
1265 1435
1265 1533
1265 1668
1266 1269
1266 1787
1272 1461
1273 1505
1273 1529
1274 1973
1276 1907
1277 1995
1281 1912
1285 1889
1287 1601
1288 1548
1289 1416
1290 1715
1291 1349
1291 1512
1291 1938
1293 1318
1293 1363
1293 1591
1293 1988
1295 1594
1296 1302
1296 1397
1296 1809
1299 1728
1303 1901
1306 1372
1306 1806
1307 1489
1309 1779
1311 1648
1318 1760
1324 1378
1327 1661
1329 1394
1331 1826
1332 1340
1332 1504
1332 1529
1332 1819
1336 1576
1337 1730
1338 1518
1343 1679
1343 1835
1345 1506
1345 1713
1346 1739
1349 1519
1349 1542
1350 1497
1351 1613
1351 1699
1352 1427
1352 1459
1354 1400
1356 1484
1357 1797
1359 1395
1359 1795
1360 1999
1361 1856
1362 1618
1362 1801
1362 1982
1363 1528
1364 1675
1365 1499
1366 1432
1367 1380
1367 1777
1368 1879
1370 1583
1371 1628
1371 1736
1373 1734
1373 1881
1374 1516
1374 1772
1375 1542
1375 1605
1375 1990
1376 1377
1376 1502
1376 1507
1376 1655
1379 1752
1379 1762
1380 1640
1380 1845
1381 1566
1381 1938
1384 1386
1388 1905
1389 1673
1390 1494
1391 1809
1393 1820
1397 1811
1398 1640
1399 1758
1401 1430
1401 1747
1402 1435
1403 1825
1403 1848
1403 1965
1404 1494
1407 1477
1407 1927
1408 1583
1408 1676
1408 1767
1409 1896
1412 1866
1413 1465
1415 1447
1415 1908
1416 1729
1422 1425
1424 1550
1424 1813
1424 1982
1425 1562
1425 1799
1429 1652
1430 1451
1431 1511
1432 1623
1432 1869
1433 1443
1433 1941
1433 1954
1435 1895
1435 1936
1437 1500
1439 1557
1440 1479
1440 1612
1441 1497
1443 1688
1446 1454
1446 1651
1449 1634
1449 1742
1450 1510
1451 1542
1456 1553
1456 1655
1458 1578
1459 1783
1461 1554
1461 1703
1463 1548
1468 1641
1468 1781
1469 1480
1469 1534
1473 1516
1475 1778
1475 1856
1476 1537
1478 1944
1482 1894
1487 1545
1489 1535
1489 1681
1489 1931
1490 1549
1490 1562
1490 1596
1493 1574
1494 1836
1496 1691
1498 1643
1501 1537
1509 1636
1512 1680
1515 1955
1518 1543
1519 1822
1519 1946
1521 1674
1522 1657
1522 1996
1523 1738
1526 1533
1535 1575
1535 1827
1535 1995
1538 1715
1538 1884
1539 1966
1541 1837
1548 1626
1548 1756
1548 1762
1551 1582
1552 1967
1555 1844
1559 1728
1561 1671
1561 1837
1566 1686
1566 1687
1567 1882
1569 1950
1572 1716
1572 1807
1572 1869
1573 1787
1574 1727
1574 1947
1574 1988
1578 1872
1579 1592
1579 1993
1582 1610
1582 1756
1582 1834
1586 1850
1587 1778
1588 1738
1592 1630
1592 1804
1595 1828
1595 1886
1598 1799
1604 1946
1605 1917
1608 1846
1610 1843
1614 1710
1620 1829
1622 1691
1623 1702
1625 1742
1625 1919
1628 1932
1634 1783
1634 1940
1635 1701
1639 1920
1649 1986
1658 1687
1658 1848
1660 1706
1660 1735
1661 1903
1662 1884
1663 1764
1669 1677
1670 1720
1673 1834
1679 1895
1680 1682
1683 1824
1686 1756
1686 1846
1697 1723
1697 1890
1697 1962
1698 1755
1699 1999
1700 1921
1701 1981
1704 1830
1708 1896
1719 1982
1727 1906
1728 1898
1731 1779
1732 1833
1734 1965
1735 1755
1739 1759
1741 1941
1743 1795
1744 1791
1750 1828
1758 1949
1765 1954
1782 1838
1785 1972
1787 1889
1798 1973
1805 1907
1821 1963
1825 1912
1826 1841
1836 1907
1844 1904
1847 1893
1852 1879
1858 1887
1859 1905
1865 1909
1866 1874
1867 1998
1873 1896
1873 1957
1880 1921
1882 1987
1884 1955
1893 1915
1914 1999
1915 1962
1921 1935
1937 1951
