0 1
0 2
0 3
0 4
0 5
0 6
0 7
0 8
0 9
0 10
0 11
0 13
0 24
0 26
0 36
0 41
0 47
0 55
0 58
0 66
0 70
0 75
0 103
0 116
0 133
0 135
0 141
0 150
0 188
0 216
0 222
0 223
0 229
0 253
0 264
0 272
0 276
0 296
0 300
0 303
0 308
0 311
0 353
0 370
0 383
0 420
0 436
0 463
0 494
0 496
0 498
0 510
0 556
0 571
0 578
0 604
0 609
0 617
0 624
0 642
0 653
0 675
0 730
0 738
0 740
0 813
0 836
0 871
0 884
0 903
0 957
0 982
1 5
1 6
1 7
1 9
1 12
1 13
1 14
1 16
1 17
1 18
1 20
1 21
1 23
1 27
1 31
1 33
1 35
1 36
1 39
1 42
1 48
1 62
1 65
1 67
1 70
1 83
1 94
1 114
1 127
1 146
1 147
1 160
1 163
1 173
1 178
1 180
1 199
1 231
1 232
1 248
1 259
1 303
1 311
1 340
1 387
1 393
1 410
1 439
1 448
1 451
1 466
1 469
1 484
1 491
1 495
1 505
1 537
1 558
1 605
1 606
1 653
1 655
1 665
1 672
1 724
1 732
1 734
1 748
1 802
1 812
1 855
1 878
1 948
1 970
1 972
2 5
2 12
2 21
2 22
2 48
2 77
2 84
2 85
2 90
2 95
2 100
2 118
2 120
2 151
2 186
2 215
2 328
2 329
2 396
2 399
2 503
2 511
2 534
2 667
2 695
2 883
2 939
3 11
3 28
3 42
3 43
3 51
3 56
3 69
3 85
3 106
3 115
3 122
3 151
3 161
3 188
3 221
3 231
3 249
3 277
3 289
3 317
3 318
3 347
3 348
3 359
3 360
3 377
3 446
3 457
3 465
3 537
3 543
3 567
3 570
3 586
3 620
3 631
3 705
3 717
3 795
3 799
3 820
3 839
3 847
3 859
3 886
3 943
3 945
3 961
4 5
4 6
4 8
4 10
4 24
4 26
4 31
4 36
4 45
4 52
4 60
4 63
4 75
4 80
4 99
4 107
4 122
4 128
4 170
4 180
4 230
4 259
4 282
4 347
4 460
4 468
4 481
4 490
4 492
4 497
4 516
4 546
4 613
4 640
4 645
4 696
4 753
4 769
4 838
4 883
5 6
5 7
5 8
5 10
5 11
5 12
5 14
5 15
5 16
5 18
5 20
5 23
5 24
5 25
5 26
5 28
5 29
5 34
5 35
5 38
5 40
5 42
5 47
5 48
5 49
5 50
5 56
5 58
5 61
5 65
5 68
5 70
5 74
5 75
5 78
5 80
5 83
5 90
5 95
5 97
5 102
5 110
5 118
5 127
5 128
5 140
5 145
5 146
5 147
5 152
5 156
5 157
5 162
5 163
5 180
5 181
5 193
5 194
5 197
5 198
5 205
5 235
5 243
5 249
5 269
5 270
5 272
5 281
5 289
5 297
5 298
5 300
5 302
5 319
5 320
5 322
5 336
5 341
5 342
5 358
5 363
5 374
5 375
5 380
5 381
5 390
5 400
5 405
5 408
5 409
5 410
5 414
5 424
5 438
5 441
5 444
5 448
5 453
5 466
5 469
5 470
5 481
5 490
5 502
5 503
5 511
5 564
5 576
5 585
5 589
5 605
5 608
5 618
5 619
5 622
5 633
5 642
5 664
5 677
5 692
5 700
5 706
5 708
5 711
5 723
5 736
5 746
5 757
5 778
5 784
5 799
5 803
5 819
5 833
5 857
5 873
5 874
5 876
5 894
5 946
5 951
5 962
5 963
5 965
5 973
6 7
6 13
6 15
6 16
6 19
6 29
6 32
6 49
6 58
6 69
6 72
6 79
6 95
6 103
6 135
6 147
6 163
6 187
6 203
6 228
6 260
6 299
6 326
6 342
6 397
6 408
6 413
6 426
6 455
6 460
6 512
6 518
6 559
6 579
6 595
6 607
6 628
6 639
6 657
6 687
6 738
6 838
6 916
6 948
6 960
6 962
6 997
7 8
7 9
7 10
7 13
7 14
7 17
7 21
7 27
7 38
7 39
7 41
7 51
7 71
7 90
7 93
7 97
7 101
7 108
7 109
7 132
7 165
7 168
7 169
7 174
7 176
7 181
7 182
7 194
7 204
7 213
7 218
7 219
7 224
7 250
7 261
7 265
7 275
7 281
7 292
7 312
7 326
7 351
7 368
7 405
7 474
7 476
7 494
7 502
7 511
7 514
7 577
7 580
7 593
7 596
7 598
7 601
7 613
7 614
7 626
7 627
7 666
7 723
7 762
7 773
7 775
7 787
7 827
7 855
7 863
7 869
7 893
7 900
7 913
7 919
7 964
8 9
8 11
8 15
8 31
8 52
8 59
8 70
8 92
8 95
8 97
8 144
8 165
8 175
8 181
8 210
8 236
8 239
8 244
8 314
8 333
8 361
8 385
8 430
8 470
8 472
8 522
8 533
8 591
8 600
8 693
8 759
8 847
8 925
8 965
8 973
8 994
9 12
9 19
9 73
9 87
9 91
9 99
9 106
9 107
9 136
9 149
9 152
9 162
9 167
9 177
9 192
9 201
9 215
9 221
9 225
9 320
9 328
9 395
9 403
9 473
9 631
9 670
9 672
9 733
9 765
9 821
9 833
9 862
9 899
9 968
10 16
10 17
10 23
10 25
10 30
10 32
10 38
10 40
10 41
10 44
10 51
10 57
10 72
10 84
10 89
10 97
10 100
10 107
10 117
10 118
10 123
10 126
10 137
10 157
10 159
10 172
10 198
10 215
10 237
10 260
10 268
10 278
10 312
10 323
10 327
10 333
10 337
10 374
10 383
10 463
10 495
10 512
10 517
10 518
10 585
10 591
10 594
10 629
10 661
10 666
10 691
10 697
10 865
10 912
10 938
10 945
10 959
10 961
11 14
11 19
11 23
11 26
11 34
11 54
11 74
11 101
11 109
11 137
11 142
11 149
11 155
11 161
11 252
11 253
11 258
11 285
11 288
11 290
11 299
11 325
11 340
11 345
11 353
11 358
11 374
11 390
11 398
11 415
11 418
11 461
11 475
11 497
11 568
11 605
11 621
11 654
11 656
11 661
11 716
11 753
11 765
11 788
11 825
11 844
11 922
11 944
12 15
12 20
12 24
12 29
12 35
12 67
12 83
12 93
12 98
12 99
12 129
12 138
12 140
12 141
12 162
12 170
12 176
12 182
12 184
12 195
12 226
12 282
12 297
12 298
12 310
12 320
12 332
12 365
12 385
12 445
12 516
12 623
12 662
12 698
12 710
12 780
12 803
12 888
12 921
12 953
13 18
13 20
13 25
13 27
13 28
13 47
13 49
13 54
13 85
13 88
13 130
13 132
13 156
13 157
13 159
13 178
13 187
13 229
13 370
13 384
13 398
13 406
13 441
13 524
13 576
13 606
13 630
13 679
13 688
13 710
13 726
13 794
13 800
13 821
13 886
13 922
13 986
14 17
14 19
14 22
14 32
14 33
14 38
14 43
14 47
14 57
14 71
14 96
14 115
14 132
14 166
14 198
14 199
14 212
14 214
14 234
14 262
14 267
14 274
14 284
14 294
14 324
14 362
14 383
14 398
14 427
14 431
14 441
14 444
14 471
14 497
14 499
14 508
14 525
14 536
14 541
14 555
14 584
14 703
14 706
14 740
14 743
14 791
14 824
14 830
14 842
14 911
14 926
15 18
15 21
15 29
15 35
15 40
15 46
15 59
15 61
15 68
15 81
15 96
15 106
15 108
15 126
15 137
15 145
15 149
15 159
15 191
15 217
15 248
15 256
15 281
15 319
15 386
15 422
15 430
15 435
15 493
15 504
15 523
15 532
15 578
15 579
15 636
15 801
15 852
15 905
15 914
15 958
15 972
16 22
16 44
16 220
16 301
16 460
16 603
16 612
16 686
16 730
16 780
16 915
16 935
16 986
17 46
17 78
17 111
17 160
17 268
17 275
17 282
17 331
17 421
17 804
18 25
18 31
18 37
18 43
18 46
18 48
18 68
18 69
18 94
18 122
18 126
18 195
18 208
18 220
18 238
18 240
18 273
18 345
18 391
18 412
18 437
18 528
18 778
18 784
18 836
18 884
18 956
18 989
19 33
19 60
19 108
19 141
19 174
19 196
19 301
19 421
19 425
19 675
19 741
20 22
20 30
20 64
20 81
20 124
20 149
20 190
20 263
20 299
20 310
20 411
20 461
20 465
20 677
20 741
20 765
20 930
21 27
21 59
21 64
21 67
21 71
21 77
21 82
21 86
21 87
21 104
21 120
21 133
21 134
21 196
21 202
21 228
21 236
21 315
21 334
21 340
21 378
21 379
21 401
21 434
21 459
21 470
21 478
21 505
21 542
21 543
21 548
21 557
21 580
21 676
21 704
21 718
21 740
21 796
21 832
21 850
21 868
21 941
21 975
21 985
22 28
22 50
22 56
22 120
22 171
22 232
22 235
22 286
22 360
22 416
22 442
22 443
22 475
22 492
22 598
22 619
22 660
22 756
22 969
23 53
23 96
23 138
23 207
23 231
23 378
23 422
23 530
23 935
23 967
24 51
24 92
24 171
24 232
24 256
24 289
24 330
24 351
24 392
24 586
25 30
25 33
25 36
25 42
25 43
25 71
25 81
25 82
25 86
25 116
25 144
25 171
25 173
25 182
25 216
25 234
25 261
25 274
25 287
25 293
25 295
25 327
25 331
25 342
25 349
25 355
25 414
25 415
25 424
25 434
25 449
25 474
25 562
25 572
25 617
25 646
25 675
25 685
25 688
25 699
25 723
25 798
25 820
25 852
26 53
26 89
26 366
26 465
26 474
26 590
26 636
26 801
26 944
26 967
27 30
27 34
27 41
27 44
27 46
27 52
27 55
27 62
27 88
27 126
27 157
27 183
27 238
27 261
27 274
27 280
27 281
27 294
27 295
27 402
27 408
27 419
27 439
27 540
27 544
27 556
27 650
27 663
27 670
27 686
27 702
27 768
27 943
27 980
27 981
28 39
28 45
28 53
28 55
28 111
28 125
28 130
28 131
28 165
28 202
28 214
28 216
28 223
28 263
28 270
28 349
28 359
28 425
28 454
28 507
28 620
28 685
28 686
28 794
28 824
29 32
29 39
29 40
29 74
29 77
29 133
29 205
29 224
29 273
29 274
29 367
29 479
29 568
29 590
29 637
29 736
29 800
29 867
30 73
30 87
30 105
30 125
30 239
30 253
30 255
30 304
30 391
30 397
30 410
30 455
30 524
30 544
30 547
30 560
30 690
30 705
30 753
30 818
30 826
31 37
31 91
31 136
31 170
31 203
31 251
31 273
31 293
31 338
31 399
31 463
31 500
31 502
31 506
31 527
31 529
31 717
31 827
31 954
32 34
32 45
32 54
32 111
32 150
32 158
32 168
32 179
32 200
32 247
32 269
32 506
32 545
32 627
32 653
32 655
32 728
32 789
32 879
32 894
32 949
32 973
33 59
33 65
33 67
33 136
33 146
33 181
33 219
33 238
33 285
33 395
33 485
33 552
33 649
33 665
33 668
33 701
33 742
33 777
33 795
33 813
33 907
34 37
34 49
34 50
34 79
34 107
34 113
34 121
34 124
34 144
34 161
34 190
34 203
34 218
34 222
34 228
34 254
34 290
34 365
34 411
34 432
34 449
34 456
34 496
34 570
34 571
34 619
34 644
34 689
34 761
34 786
34 848
34 879
34 898
34 924
34 977
35 37
35 56
35 60
35 78
35 105
35 134
35 189
35 211
35 221
35 226
35 242
35 244
35 386
35 428
35 542
35 623
35 638
35 751
35 852
36 62
36 129
36 154
36 167
36 168
36 175
36 179
36 219
36 222
36 248
36 337
36 355
36 379
36 531
36 786
36 787
36 788
36 854
37 76
37 80
37 99
37 101
37 102
37 110
37 117
37 121
37 130
37 138
37 166
37 202
37 211
37 220
37 239
37 243
37 258
37 296
37 306
37 315
37 319
37 335
37 336
37 392
37 443
37 454
37 488
37 490
37 528
37 567
37 569
37 590
37 603
37 608
37 619
37 640
37 649
37 703
37 758
37 779
37 800
37 810
37 830
37 835
37 837
37 848
37 858
37 860
37 906
38 66
38 82
38 112
38 219
38 424
38 481
38 673
38 690
39 54
39 61
39 77
39 115
39 152
39 232
39 283
39 287
39 713
39 809
40 44
40 53
40 84
40 109
40 114
40 124
40 167
40 179
40 201
40 214
40 231
40 246
40 260
40 271
40 310
40 313
40 355
40 489
40 492
40 571
40 572
40 585
40 605
40 633
40 906
40 929
41 55
41 62
41 98
41 121
41 145
41 434
41 517
41 573
41 664
41 834
41 973
41 974
41 978
42 165
42 173
42 225
42 243
42 366
42 371
42 465
42 539
43 45
43 50
43 63
43 66
43 86
43 100
43 119
43 214
43 283
43 291
43 382
43 414
43 446
43 478
43 491
43 529
43 596
43 618
43 627
43 644
43 766
43 895
43 956
44 100
44 145
44 230
44 482
44 571
45 52
45 57
45 110
45 170
45 190
45 218
45 279
45 359
45 402
45 437
45 469
45 499
45 509
45 546
45 591
45 660
45 689
45 729
45 745
45 811
45 924
45 961
46 58
46 69
46 83
46 804
46 964
47 63
47 88
47 112
47 175
47 189
47 198
47 394
47 669
47 809
48 81
48 241
48 244
48 328
48 366
48 373
48 377
48 407
48 838
48 917
49 65
49 93
49 106
49 246
49 301
49 383
49 550
49 654
49 661
49 705
49 782
49 831
49 938
50 183
50 376
50 734
50 735
50 952
51 72
51 140
51 169
51 191
51 212
51 493
51 503
51 535
51 567
51 594
51 655
51 674
51 678
51 682
51 757
51 778
51 804
51 827
51 839
51 981
52 123
52 153
52 184
52 192
52 247
52 254
52 294
52 311
52 464
52 532
52 623
52 648
52 707
52 770
52 776
52 866
52 867
52 896
52 919
52 968
53 60
53 61
53 63
53 89
53 137
53 204
53 367
53 706
53 709
53 950
53 970
54 57
54 64
54 90
54 96
54 102
54 104
54 110
54 112
54 133
54 141
54 180
54 264
54 276
54 289
54 306
54 363
54 385
54 388
54 476
54 480
54 488
54 503
54 540
54 561
54 592
54 728
54 772
54 816
54 829
54 895
54 896
54 902
54 912
55 112
55 164
55 175
55 254
55 271
55 299
55 314
55 343
55 389
55 468
55 493
55 672
56 66
56 76
56 128
56 144
56 153
56 197
56 352
56 427
56 429
56 808
57 68
57 201
57 248
57 284
57 343
57 345
57 367
57 373
57 384
57 451
57 548
57 580
57 684
57 822
58 91
58 92
58 129
58 146
58 169
58 251
58 432
58 446
58 470
58 513
58 622
58 796
58 866
58 901
59 76
59 89
59 148
59 164
59 367
59 392
59 530
59 775
59 804
59 908
59 988
60 72
60 210
60 246
60 258
60 587
60 623
60 713
60 806
60 954
60 968
61 73
61 82
61 86
61 108
61 114
61 153
61 154
61 195
61 364
61 379
61 400
61 404
61 405
61 423
61 448
61 452
61 673
61 696
61 737
61 856
61 874
61 979
62 88
62 94
62 129
62 363
62 449
62 522
63 64
63 109
63 115
63 131
63 191
63 197
63 346
63 483
63 520
63 526
63 553
63 606
63 616
63 641
63 660
63 666
63 837
63 886
63 895
63 898
63 980
64 76
64 203
64 375
64 511
64 563
64 588
64 704
64 735
64 849
65 80
65 85
65 98
65 138
65 185
65 266
65 277
65 293
65 337
65 338
65 389
65 397
65 680
65 700
65 748
65 808
65 857
66 116
66 125
66 128
66 134
66 398
66 450
66 632
66 636
66 991
67 123
67 184
67 614
67 729
67 874
68 114
68 139
68 204
68 233
68 268
68 304
68 346
68 450
68 458
68 668
68 789
68 843
68 942
69 135
69 295
69 346
69 509
69 563
69 657
69 727
69 752
69 772
69 792
69 806
69 857
69 925
70 79
70 166
70 176
70 250
70 440
70 611
70 634
70 641
70 643
70 662
70 722
70 761
70 872
70 919
71 73
71 74
71 78
71 87
71 102
71 104
71 105
71 143
71 172
71 252
71 307
71 358
71 482
71 533
71 625
71 669
71 692
71 732
71 740
71 762
71 937
71 965
72 79
72 103
72 118
72 842
72 925
73 75
73 119
73 127
73 148
73 160
73 266
73 482
73 507
73 593
73 693
73 963
74 166
74 223
74 235
74 333
74 406
74 518
74 638
74 753
74 937
74 947
75 113
75 233
75 282
75 351
75 485
75 525
75 891
76 84
76 150
76 174
76 200
76 224
76 255
76 265
76 266
76 338
76 415
76 431
76 449
76 579
76 650
76 716
76 722
76 723
76 755
76 771
76 831
76 903
76 954
77 154
78 131
78 185
78 269
78 399
78 736
78 935
79 160
79 284
79 302
79 303
79 344
79 486
79 656
79 971
80 276
80 321
80 339
80 370
80 376
80 382
80 565
80 652
80 983
81 116
81 135
81 189
81 307
81 347
81 549
81 797
81 820
82 142
82 206
82 211
82 267
82 600
82 602
82 754
83 105
83 119
83 130
83 139
83 196
83 322
83 326
83 363
83 376
83 403
83 468
83 495
83 624
83 638
83 709
83 799
83 933
84 94
84 111
84 213
84 784
85 92
85 185
85 588
86 188
87 339
87 394
87 420
87 685
87 856
87 968
88 91
88 101
88 113
88 156
88 241
88 403
88 491
88 553
88 727
88 780
89 119
89 134
89 252
89 288
89 437
89 477
89 557
89 650
89 870
90 123
90 681
90 885
91 378
91 408
91 518
91 651
91 744
91 771
91 910
91 989
92 93
92 98
92 202
92 205
92 217
92 255
92 307
92 316
92 480
92 624
92 712
92 812
92 817
92 851
92 890
92 925
93 152
93 164
93 196
93 257
93 418
93 529
93 620
93 631
93 974
94 103
94 113
94 151
94 191
94 209
94 396
94 600
94 725
94 731
95 239
95 372
95 550
95 662
95 714
95 900
95 934
96 122
96 206
96 650
96 848
96 881
97 154
97 201
97 270
97 301
97 311
97 329
97 369
97 384
97 471
97 478
97 552
97 622
97 721
97 807
97 891
98 208
98 238
98 348
98 419
98 445
98 538
98 555
98 674
98 726
98 818
98 861
98 979
99 255
99 325
99 335
99 356
99 487
99 526
99 615
99 680
100 104
100 127
100 139
100 200
100 205
100 320
100 611
100 657
100 716
101 459
101 501
102 121
102 197
102 315
102 384
102 488
102 574
102 667
102 877
103 194
103 575
103 615
103 639
103 819
104 142
104 209
104 228
104 240
104 265
104 332
104 414
104 537
104 840
104 893
104 971
105 150
105 256
105 264
105 318
105 364
105 369
105 464
105 512
105 540
105 654
105 728
105 818
105 922
106 120
106 124
106 221
106 388
106 596
106 600
106 787
106 983
107 285
107 303
107 403
107 827
107 846
108 117
108 158
108 229
108 234
108 292
108 324
108 369
108 396
108 402
108 439
108 549
108 604
108 612
108 825
108 839
109 143
109 218
109 684
110 275
110 324
110 409
110 428
110 659
110 769
111 350
111 354
111 526
111 712
111 815
111 821
111 952
111 974
112 148
112 158
112 177
112 237
112 305
112 651
112 702
112 707
112 732
112 763
112 844
112 924
112 935
112 953
112 955
112 978
112 993
113 209
113 276
113 453
113 601
113 798
113 829
114 117
114 294
114 295
114 581
114 759
114 875
114 950
115 172
115 184
115 245
115 566
115 646
116 125
116 190
116 220
116 722
116 763
116 787
116 917
117 131
117 147
117 167
117 193
117 204
117 208
117 209
117 331
117 365
117 509
117 510
117 593
117 755
117 991
117 999
118 193
118 212
118 345
118 346
118 428
118 480
118 645
118 744
118 820
118 916
119 153
119 155
119 263
119 560
119 879
119 894
119 932
120 185
120 873
121 161
121 186
121 210
121 241
121 277
121 300
121 344
121 425
122 139
122 142
122 178
122 193
122 212
122 316
122 349
122 379
122 423
122 438
122 703
122 775
122 805
122 864
123 155
123 195
123 288
123 293
123 314
123 654
123 869
123 950
123 966
124 253
124 399
124 461
124 609
124 621
124 747
124 928
124 992
125 156
125 429
125 539
125 890
126 310
126 433
126 688
128 298
128 309
128 388
128 556
128 669
128 745
129 278
129 296
129 297
129 426
129 486
129 582
129 632
129 729
129 749
130 132
130 143
130 171
130 192
130 242
130 271
130 273
130 349
130 395
130 429
130 431
130 505
130 543
130 562
130 626
130 810
131 136
131 183
131 211
131 230
131 245
131 344
131 416
131 625
131 734
131 877
131 900
132 235
132 435
132 668
132 885
132 909
132 957
133 140
133 225
133 314
133 321
133 362
133 549
133 583
133 644
133 667
133 696
133 775
133 908
133 977
134 163
134 370
134 430
134 468
134 611
134 646
135 225
135 313
135 525
135 534
135 543
135 574
135 922
135 930
136 159
136 240
136 280
136 380
136 544
136 648
136 962
137 148
137 243
137 532
137 853
137 871
138 143
138 151
138 189
138 213
138 236
138 257
138 263
138 330
138 485
138 635
138 681
138 709
138 999
139 155
139 237
139 356
139 823
139 936
139 948
140 249
140 262
140 312
140 318
140 429
140 578
140 958
141 476
141 555
141 881
142 217
142 241
142 313
142 332
142 358
142 542
142 560
142 584
142 595
142 615
142 629
142 630
142 853
142 933
142 964
143 329
143 372
143 392
143 466
143 487
143 500
143 607
143 752
143 870
143 917
144 612
144 770
145 305
145 517
146 413
146 491
146 635
146 671
146 683
146 760
146 970
146 976
147 247
147 381
147 416
147 547
147 637
148 178
148 260
148 377
148 647
148 773
148 901
148 990
149 242
149 336
149 652
149 762
149 976
150 169
150 227
150 410
150 421
150 423
150 457
150 520
150 559
150 887
150 933
150 980
151 207
151 283
151 362
152 177
152 186
152 250
152 371
152 444
152 608
153 158
153 412
154 226
154 308
154 872
155 206
155 521
155 764
156 179
156 242
156 673
156 867
156 892
156 946
156 990
157 240
157 475
157 640
157 665
157 704
157 880
157 932
157 945
158 317
158 458
158 641
158 695
158 731
158 768
158 785
158 850
158 881
159 164
159 182
159 187
159 237
159 589
159 597
159 611
159 873
160 162
160 173
160 176
160 400
160 513
160 551
160 633
160 635
160 790
160 798
161 168
161 245
161 315
161 423
161 599
161 604
161 693
161 782
162 172
162 174
162 192
162 207
162 215
162 249
162 251
162 302
162 375
162 452
162 540
162 582
162 627
162 645
162 674
162 707
162 771
162 846
162 905
162 951
162 975
163 257
163 341
163 352
163 417
163 422
163 473
163 502
163 546
163 651
163 767
163 809
163 993
164 279
164 508
165 177
165 292
165 416
165 495
165 584
165 645
165 987
166 183
166 234
166 332
166 428
166 662
167 187
167 275
167 338
167 419
167 447
167 933
168 194
168 330
168 427
168 581
168 826
168 863
169 226
169 245
169 267
169 283
169 298
169 417
169 583
169 689
169 764
169 793
169 837
169 844
169 926
170 188
170 344
170 361
170 534
170 565
170 573
170 794
170 814
170 898
170 997
171 312
171 372
171 564
171 610
171 658
172 199
172 302
172 601
173 336
173 459
173 467
173 569
174 318
174 443
174 492
174 671
174 680
174 825
176 227
176 389
176 500
176 527
176 634
176 745
176 746
176 895
176 912
177 227
177 339
177 371
177 378
177 472
177 706
177 710
177 765
177 847
178 207
178 411
178 568
178 911
178 989
179 287
179 581
180 817
181 676
181 727
181 805
181 864
182 251
182 686
183 186
183 233
183 382
183 437
183 473
183 858
183 862
183 873
183 941
184 256
184 328
185 326
185 366
185 548
186 901
187 510
188 296
188 364
188 521
188 793
188 808
188 832
188 837
189 280
189 457
189 892
190 210
190 227
190 279
190 324
190 402
190 573
190 957
191 199
191 321
191 574
191 589
191 722
191 977
191 987
192 387
192 741
192 868
193 246
193 325
193 515
193 566
193 569
193 737
193 739
194 213
194 244
194 307
194 441
194 592
194 599
194 832
194 959
194 980
195 385
195 394
195 481
195 761
197 688
198 323
198 506
198 572
198 692
199 200
199 206
199 348
199 361
199 479
199 551
199 575
199 741
199 774
199 783
199 865
199 942
200 628
201 233
201 272
201 277
201 386
201 432
201 434
201 450
201 532
201 547
201 549
201 594
201 749
201 790
201 803
201 814
201 835
201 838
202 262
202 290
202 413
202 539
202 782
202 954
203 259
203 287
203 420
203 598
203 742
203 876
204 380
204 656
204 763
204 843
205 230
205 297
205 387
205 463
205 520
205 531
205 577
205 846
206 216
206 217
206 224
206 264
206 272
206 304
206 309
206 387
206 435
206 456
206 682
206 712
206 864
206 936
207 208
207 573
207 587
207 642
207 687
207 914
207 917
208 360
208 865
208 944
209 284
209 401
209 472
209 542
209 834
210 261
210 390
210 419
210 557
210 781
210 825
210 878
211 286
211 357
211 501
211 700
211 841
212 597
212 886
212 887
213 348
213 454
213 559
213 606
213 953
214 222
214 494
214 563
214 970
215 920
216 359
216 467
217 247
217 477
217 486
217 514
217 608
217 634
217 752
217 842
217 967
218 334
218 436
218 616
218 669
218 894
219 343
219 813
219 927
220 223
220 250
220 291
220 306
220 325
220 329
220 393
220 446
220 641
220 720
220 732
220 870
221 602
222 300
222 335
222 407
222 538
222 721
222 923
223 536
224 452
224 526
224 736
224 759
224 774
224 832
225 996
226 553
226 854
226 859
227 229
227 322
227 355
227 530
227 927
228 569
228 847
229 286
229 376
229 547
229 644
229 708
229 869
230 527
230 739
230 958
231 353
231 822
232 334
232 356
232 401
232 599
233 252
233 347
233 472
233 724
233 815
233 972
234 236
234 321
234 357
234 368
234 436
234 541
234 643
236 285
236 316
236 646
237 499
237 815
238 265
238 364
238 409
238 498
238 504
238 534
238 694
238 697
238 843
238 890
238 897
239 270
239 271
239 520
239 622
239 817
240 269
240 316
240 381
240 487
241 752
242 360
242 767
242 998
243 266
243 268
243 278
243 308
243 365
243 391
243 460
243 461
243 507
243 639
243 677
243 719
243 767
243 776
243 918
243 955
244 254
244 561
245 652
245 694
246 445
246 866
247 871
247 896
248 699
248 830
249 466
249 484
250 843
250 878
251 319
251 853
251 857
251 934
253 257
253 258
253 305
253 483
253 704
253 760
254 259
254 455
254 629
254 796
254 811
254 823
254 910
255 262
255 474
256 350
256 368
256 676
256 789
256 841
256 923
258 308
259 443
259 849
260 267
260 330
260 374
260 420
260 517
260 855
260 864
261 290
261 342
261 395
261 396
261 494
261 583
261 589
261 597
262 377
262 541
262 768
263 663
264 375
264 442
264 480
264 885
265 304
265 356
265 440
265 453
265 612
265 700
265 916
265 952
265 957
266 372
266 602
267 278
267 288
267 341
267 390
267 433
267 464
267 563
267 582
267 609
267 819
267 828
268 280
268 313
268 485
268 497
268 522
268 692
269 286
269 649
270 701
270 930
271 279
271 690
271 717
271 814
272 393
272 430
272 448
272 858
273 747
273 807
274 361
274 660
274 719
274 872
274 885
275 309
275 418
275 450
276 291
276 306
276 459
276 533
276 621
277 647
277 839
278 291
278 438
279 903
280 292
280 322
280 772
280 965
280 990
281 317
281 337
281 431
281 535
281 625
281 966
282 382
282 484
282 501
282 513
282 567
282 643
282 750
282 999
283 404
283 424
283 527
283 565
283 609
283 633
283 648
283 816
283 941
284 323
284 942
285 519
285 537
285 595
285 602
285 651
285 900
286 354
286 995
287 350
287 438
287 521
287 909
288 516
288 551
288 881
289 339
289 421
289 603
289 907
289 936
290 389
290 535
290 621
290 699
290 936
292 394
292 681
293 309
293 343
293 400
293 944
294 556
294 691
295 333
295 415
295 417
295 453
295 607
295 793
295 928
296 701
297 317
297 498
297 513
297 529
297 826
298 488
299 489
299 789
299 845
300 551
300 587
300 792
300 930
301 373
301 586
302 305
302 353
302 373
302 388
302 462
302 694
302 913
303 340
303 386
304 851
306 548
306 683
307 647
309 334
309 412
309 994
310 447
310 728
311 451
312 357
312 486
312 506
312 751
312 784
312 792
313 568
313 785
314 467
316 889
317 362
317 598
317 725
317 777
318 642
318 766
318 883
319 323
319 341
319 406
319 477
319 648
319 672
319 795
319 817
320 407
320 458
320 483
320 599
321 327
321 782
322 354
322 391
322 447
322 496
322 514
322 684
322 712
322 931
322 976
323 327
323 610
323 689
323 690
323 739
323 755
323 774
324 433
324 550
324 637
324 788
324 816
324 867
325 368
325 584
325 613
325 681
325 770
325 891
326 335
326 352
326 658
326 673
326 707
326 718
326 909
327 331
327 426
327 440
327 538
328 350
328 988
329 407
329 482
329 663
329 761
330 409
330 427
330 566
330 725
330 760
330 875
331 978
333 614
333 744
333 830
334 404
334 426
334 715
334 947
335 528
335 554
335 630
335 679
335 802
335 806
335 810
336 458
336 525
336 575
336 595
336 626
339 751
339 882
339 937
340 354
340 406
340 487
340 508
340 539
340 558
340 897
340 996
341 351
341 694
341 904
341 921
342 357
342 560
342 759
342 880
343 417
343 473
343 751
344 818
345 352
345 524
345 695
345 733
346 969
347 773
347 986
348 380
348 696
349 464
351 369
351 405
351 479
351 860
351 874
351 904
352 454
352 455
352 615
352 697
352 901
353 371
353 401
353 489
353 588
353 653
353 717
353 731
353 750
353 833
355 711
355 880
356 479
356 639
356 797
356 798
356 905
356 963
357 418
357 711
358 440
358 984
359 435
359 504
359 523
359 856
359 927
359 947
361 381
361 477
361 536
361 731
362 411
362 425
362 545
362 564
362 638
362 776
363 678
364 745
365 509
365 691
367 754
368 616
368 655
368 713
369 756
369 805
370 510
370 581
370 928
371 862
371 877
373 562
373 813
374 859
374 995
376 393
376 876
378 471
378 528
378 552
378 878
378 988
379 444
379 471
379 523
379 770
379 846
380 811
380 985
381 397
381 457
381 469
381 514
381 515
381 565
381 635
381 724
381 777
383 515
383 591
383 636
383 955
385 432
385 456
385 545
385 659
385 805
386 456
386 590
386 671
387 412
387 501
387 803
387 884
387 913
387 941
388 476
388 680
388 928
390 445
392 462
392 531
392 618
392 919
392 929
393 522
394 577
395 447
395 687
396 665
396 811
397 772
397 956
397 960
398 667
398 698
400 404
400 452
400 505
400 807
401 413
401 508
401 614
401 906
402 462
402 923
403 536
404 656
405 679
407 937
409 451
409 504
409 792
409 801
409 890
411 531
411 570
412 845
413 979
414 422
414 483
415 880
415 910
416 764
416 892
416 949
417 891
417 908
418 554
418 698
418 853
418 861
419 668
419 702
419 733
420 442
420 829
421 442
421 561
421 743
421 875
422 484
422 666
422 678
422 748
422 756
423 702
423 743
424 489
424 604
424 617
424 630
425 629
426 610
426 670
426 823
426 955
427 523
427 596
428 577
428 715
428 982
429 475
429 500
429 658
429 714
429 786
430 439
431 493
431 546
432 433
432 682
432 750
434 436
434 490
434 938
435 521
435 852
435 872
436 512
436 683
436 725
436 781
436 987
437 763
437 848
438 462
438 550
438 960
439 659
439 708
439 727
439 773
439 958
440 558
441 714
442 800
442 921
442 984
443 781
443 914
447 499
447 683
449 951
451 592
451 632
451 679
451 720
451 860
452 940
454 739
454 768
455 721
457 757
457 841
458 583
458 788
458 862
460 519
460 809
461 940
462 467
462 516
462 579
463 902
465 545
465 718
465 756
465 950
466 544
467 808
468 478
468 572
468 624
469 498
469 515
469 574
469 594
470 663
472 553
472 601
472 991
473 870
474 496
474 607
474 748
476 664
476 790
476 966
476 996
477 855
479 552
479 744
481 507
483 519
483 918
484 866
485 554
487 582
487 628
487 637
487 907
489 576
489 988
491 541
491 758
491 849
492 519
492 524
492 626
492 643
492 836
493 896
494 822
495 766
495 981
496 721
497 691
497 771
497 802
501 664
501 698
501 861
503 555
503 822
504 618
504 730
504 743
504 791
504 845
504 850
505 859
507 835
507 907
509 566
510 749
511 580
512 674
512 754
512 897
512 906
515 796
518 562
519 616
519 974
520 701
521 530
521 557
521 561
521 777
521 911
522 559
522 755
522 884
522 911
523 588
523 649
523 780
523 992
524 535
524 587
524 714
524 737
524 802
524 841
526 593
526 882
527 533
527 687
527 754
527 863
529 703
529 940
529 949
530 575
530 868
531 538
531 981
532 554
532 733
532 834
533 613
533 631
534 658
535 659
535 676
535 715
535 720
535 783
535 882
535 982
536 697
537 585
538 620
539 774
540 939
541 592
542 578
542 682
542 812
542 887
543 652
543 747
545 985
547 923
548 597
548 989
549 558
549 737
549 929
549 964
551 920
552 570
555 791
556 576
558 564
559 716
559 786
560 747
560 849
560 920
561 912
565 657
567 742
568 797
568 971
569 905
570 661
570 671
570 790
570 876
572 640
572 947
574 865
576 586
577 603
577 730
578 781
579 987
582 758
582 793
584 791
584 969
585 785
585 882
588 932
589 986
594 617
594 746
594 840
595 713
595 779
596 610
596 851
596 893
597 871
599 628
599 677
599 904
601 824
601 902
602 921
603 845
604 726
606 724
606 734
607 769
610 678
610 883
613 634
614 693
614 994
615 851
616 695
616 711
616 738
616 834
616 888
617 632
617 854
617 961
618 625
618 685
619 978
620 795
622 819
623 647
623 879
623 991
623 992
625 735
625 779
625 836
625 952
626 757
628 699
628 760
630 709
631 926
636 766
636 877
636 932
640 778
642 783
642 801
643 675
644 815
646 767
649 684
654 670
654 984
655 997
660 708
660 718
663 705
665 850
666 742
666 844
666 969
668 710
668 779
669 856
669 993
670 719
671 750
672 776
673 860
678 794
680 893
685 729
686 942
687 868
689 783
690 715
691 939
692 769
693 903
694 807
696 719
696 939
697 983
697 993
699 963
703 889
704 994
706 726
706 897
706 951
706 966
709 720
709 829
709 863
709 971
711 746
711 812
712 913
716 824
717 914
718 799
721 840
723 816
726 997
728 735
729 916
730 929
731 738
731 889
732 833
736 749
736 934
736 998
737 842
737 945
737 976
738 806
738 946
740 758
741 828
742 875
744 840
746 899
746 949
748 762
748 785
748 814
748 826
748 927
750 797
754 984
761 858
762 861
763 764
764 854
765 821
767 992
770 946
770 959
772 828
772 999
773 902
776 831
777 889
779 823
781 990
782 887
785 996
788 983
794 948
796 810
796 915
797 931
799 918
799 982
805 977
807 831
808 828
811 953
812 892
823 835
825 915
828 934
829 888
832 926
832 931
836 972
837 888
840 899
850 904
851 869
851 909
852 975
859 962
863 920
868 998
870 943
871 915
871 924
873 899
880 918
884 979
893 956
895 898
897 975
902 967
904 910
905 908
911 931
915 960
920 985
926 959
927 943
930 938
933 995
937 940
952 995
993 998
